+-----------------------------------------------------------+
|  this file contains a neural network. do not alter data.  |
|                last modified on 11.06.2020                |
+-----------------------------------------------------------+

each line contains all weights from one neuron separated by comma.
the last value represents the bias for that neuron.
there will be an empty line after all hidden neurons, before the output
neurons start.

learnrate = 0.1
# input neurons = 65
# hidden neurons = 44
# output neurons = 1

0.1992593355009855,0.0952632388195489,0.7986972141549724,0.4195659284180908,0.1680422337256885,0.4327178813680337,0.3727170686635163,0.17869546124308977,0.1961519779670532,0.5474398192738174,0.21825715678978952,0.003469690192472452,0.5272117362672314,0.19680111392384692,0.6236553463034035,0.9205895373041266,0.6828175340031768,0.06683236665100212,0.49252877279847274,0.40039005740091016,0.5531515773803882,0.9437849842644126,0.7446023633067821,0.25263840716502883,0.886781269309682,0.7167413884276539,0.45948885302115017,0.48779498206314353,0.7385133553694613,0.5955810888703529,0.9438706688824926,0.04415807308613662,0.4976470158280295,0.09364968471504764,0.7316357037847525,0.8369776061609613,0.9636983918352992,0.5207664125046146,0.6368701880942604,0.6725373209781965,0.56264408737419,0.9597458503841089,0.371214548017488,0.18836838945652878,0.20395852424892447,0.9583971943423021,0.9099380762526286,0.13017221883192864,0.467196247815555,0.4590049873299272,0.7451912705811575,0.9566936164266673,0.7765971297652633,0.80858297082795,0.4002454710786342,0.9756999967073148,0.9731686989603596,0.04573272862094602,0.0951309713852212,0.9573862024502703,0.22592641636382482,0.04372720434177324,0.251937004568756,0.4459384612504387,0.5374497296061367,0.5044788737183022
0.6071375998567161,0.7956553340589436,0.1936373489540133,0.24434058265617242,0.058659640570522864,0.2949372802449314,0.38352301526791976,0.6902270270830453,0.01701084375729145,0.6096208708386325,0.8722383582906271,0.013333286505327835,0.9526366031407594,0.17654725291294726,0.04868690455890978,0.8677661295747776,0.035776583174366494,0.10891912574871021,0.889219297194775,0.272692734932253,0.2504433714777944,0.6369139685279511,0.3795768382065159,0.779150729444864,0.1307470901282557,0.10018591419338918,0.7195965013531226,0.6964525171402716,0.3156412755316097,0.03330199140598411,0.1986474676444837,0.8181554725458161,0.4472672771716878,0.9408234066555402,0.9744957544668256,0.7838593706905798,0.5484253924117704,0.9456558481778172,0.11427017957976648,0.9406307852198714,0.9063032573799484,0.6124569807015882,0.16342882875854658,0.32664390732227555,0.6624428215894997,0.8973041714754977,0.1971029138498167,0.18966554986333828,0.7630294222505255,0.3554880036705391,0.7779202441467203,0.2743018642801307,0.658937629231808,0.45121303006653846,0.49538795861721363,0.9644631282315377,0.16157027755874642,0.05614939005632036,0.7941403864820427,0.25129157497590693,0.15837865142274377,0.9981949113279643,0.6118343494469829,0.4118371508791011,0.4710533107435094,0.8274695594226834
0.942201203472252,0.23005439961558805,0.9997265732695502,0.8034795276544957,0.8147409362931329,0.5692330627220067,0.4381292863317926,0.4755516016069484,0.33977071554772875,0.11376410019097316,0.2674962724831187,0.128052622120441,0.4060164394659622,0.13818177606088933,0.44111581829294877,0.7925733570082278,0.3376626869538498,0.23271144598258808,0.15677092638690648,0.49116916105641584,0.3187528044758188,0.017091890438580948,0.38092093620643364,0.8679152261669855,0.6750576123662372,0.008230294742677113,0.3363240274059055,0.39044699200291266,0.16700779684525835,0.9722862718778754,0.9939026803984923,0.8588213493763462,0.2920112227538082,0.28807154746394514,0.7200054856148629,0.0459474813617079,0.22045364597418105,0.07618978614859939,0.6218207649286165,0.912001097191883,0.39690706066653536,0.10713100583597313,0.8065481794641771,0.9846490984484221,0.026547373676088393,0.7915738668512744,0.7240371109910989,0.17757640082158366,0.6365088443850867,0.8774374781409123,0.9979512301202181,0.531720274002706,0.6528795792171388,0.8307648247251613,0.6671208798305649,0.10678175150401892,0.4662694765830583,0.26130743836186354,0.5565960699658525,0.5249979692459448,0.7723574431360118,0.1687213927034572,0.5770146661757745,0.47482280763834694,0.06855243929071142,0.2315724426945146
0.11125175206127591,0.8190779780691473,0.06387869932451917,0.8388884652774996,0.28891793577599423,0.8202999693875948,0.41642218494176675,0.07278546667441177,0.8721256381661584,0.3954232568798851,0.6511524196033583,0.3907327874630695,0.6800441370762329,0.2426031202891763,0.33065945155668286,0.327312612979597,0.9651158003644963,0.14489666976939442,0.5523231591072705,0.13786708254407065,0.920407309845316,0.7486837689342158,0.6276581341957121,0.9402162860657618,0.5454212217391132,0.6391241827583842,0.36305432906574076,0.5756688134709311,0.4267950454761925,0.5906110361187966,0.705859573679939,0.1068360229233295,0.6006662577970714,0.4570950065413767,0.6457276209649856,0.5972998361210061,0.555083510013736,0.28531741505489816,0.1683808425595258,0.5769734709943873,0.6036955111481637,0.8834047140375373,0.74741417731401,0.3870330871442643,0.31605112385911394,0.2579408021982069,0.3294929712837591,0.41958754607668736,0.4251952458616203,0.04454767570563212,0.019273982823191038,0.11979279556953626,0.6498469295809541,0.30016895724856296,0.702605657299221,0.5019060451858014,0.16629782927932568,0.7996650848002289,0.6600398790233292,0.8458142193335728,0.044270115122509,0.28499265891222736,0.8174145266905446,0.18686020168806516,0.8213253798647462,0.9521548484715507
0.6562421471423999,0.18932929905064722,0.5320167312856303,0.8292737820369591,0.9638672005174374,0.0027479137830122013,0.9308286245781229,0.5985494604239114,0.5418301889278178,0.7401844313506237,0.35204991431856103,0.8455346148631502,0.7106045111339129,0.28903269244147867,0.6350775839413874,0.6810681682880408,0.9498473023855089,0.2672965827398721,0.8102500324679675,0.17437454514446082,0.29553308339051265,0.07218357559034028,0.7881601851409015,0.06024987179719521,0.1788150299695409,0.13285416237979053,0.12450076184841397,0.738920486035266,0.23618540993861914,0.6754632707169003,0.04284486253793429,0.6740726551404302,0.24648323265579886,0.5361685841646694,0.2893674136321561,0.9127172673559046,0.7575238963079647,0.8165699887507261,0.0663637451238771,0.5999664715393153,0.15360201725616618,0.4660831525604989,0.2455239276943858,0.04246414706620394,0.8848449826246947,0.19703970240473145,0.2972724083337235,0.08612517399411257,0.33037206528747354,0.49084512063006525,0.889084504539519,0.3170037952181415,0.29943946746380135,0.8373148059233649,0.9035426034903008,0.868523970661443,0.48822924488251307,0.7643476217611626,0.7059964471058496,0.4239700169768258,0.3046656696945099,0.6613856188470539,0.8520440242491654,0.34004893839371797,0.3496201062114458,0.8776472266657207
0.06665005761428999,0.6855003956173047,0.5000912185363052,0.08491079269715596,0.24957170958116348,0.38814432272506993,0.9784242834619312,0.4346638048149307,0.46586225791607205,0.6144199656241897,0.01136010023360201,0.6107230408388229,0.3655747626829601,0.9673843695927723,0.6836800685701788,0.48096873245081295,0.2433899498684804,0.08230264069398796,0.37344098253474267,0.6856264068882211,0.9967434100356314,0.7233756778492011,0.7192695448297013,0.16456765695273312,0.5701294042138817,0.5408160820840386,0.41491306540371764,0.32239118644771136,0.08360977452781826,0.23439619945513712,0.2522194189100979,0.2575841949754365,0.7351578360521537,0.9877565905469116,0.7409459783391918,0.24085290379994473,0.7393194241164401,0.6871775991157831,0.32227375314813433,0.4177507964888473,0.018773731053260412,0.6191802064830658,0.662629503342653,0.5320215403008641,0.10072939031643124,0.05323673517184291,0.7653950570184109,0.3186129211682064,0.6866917005204652,0.3590361917686934,0.6703099493840717,0.09910731924502247,0.6619891144954718,0.0821625935274265,0.32384970867788865,0.02735285612234095,0.8905486008142823,0.7077092641560601,0.798588860549341,0.3793691023821737,7.606048610421245E-4,0.6782654720578317,0.41553421764562926,0.25913943316734867,0.5098767772040467,0.6008768098573344
0.4806407272556914,0.10069199343119095,0.057233986444289786,0.4769936669447806,0.2851983814684038,0.3869098628747808,0.2207009664915245,0.22008713973540972,0.7395057477977998,0.07679998770343266,0.37609464501165335,0.687524987373382,0.5102216760701743,0.33548996595334835,0.32591486003447634,0.946465290384194,0.8140138998288551,0.29501025573102824,0.9715984228802121,0.5179384021924625,0.08359917850526077,0.738959011742656,0.132593809360532,0.8989525919840661,0.5669967341177481,0.8004351756836869,0.7259108067973858,0.7493728991033802,0.5467930861417172,0.9901654071250844,0.9113996834498685,0.748485990124908,0.27344280000935994,0.13053830758872986,0.4808666925208257,0.275579076045798,0.8951064066662102,0.06129964680000122,0.7232344865369204,0.7495236787585434,0.6362534353040827,0.3039506253036258,0.23330667370969715,0.6742702845752102,0.22823465196892667,0.2244304031479727,0.6482985145416159,0.180323173034021,0.12725468842251597,0.6174533706190828,0.09414625349868455,0.12667919507798886,0.36865219225618884,0.05091054660876726,0.20270972603559412,0.633378058802605,0.00112191930695682,0.7550334952646891,0.9213343808513335,0.2517262385402934,0.9204891108998847,0.31855869912933965,0.9778402623160869,0.8474197040081095,0.5798732865098818,0.9629182265585099
0.7868571661716758,0.6712061448938978,0.49155535793242466,0.7055232978701026,0.7875266360307309,0.022389997386080496,0.6555882422379468,0.29449478952785657,0.6879433794364315,0.372398682477991,0.05116778192600857,0.3997347344727711,0.8583095750800565,0.8087918839752016,0.10900745886853824,0.17902175418741229,0.16262787589937444,0.18451016881729276,0.6464368456154976,0.0028521969007996306,0.8478599890868528,0.41282317426856396,0.09167031615798249,0.8180380184501866,0.7198291726505464,0.935351492177092,0.9496690445879293,0.35761153166433624,0.7267472314236753,0.5087006423773307,0.3692461863939335,0.163375917709226,0.24409731363132425,0.1046595791739986,0.3595411712962955,0.17748004563555675,0.808705833515047,0.899580106101277,0.6737159819871704,0.48068441941148843,0.7851885667629922,0.04046778713269461,0.628702972711846,0.6075248260366258,0.4645569812631696,0.11847894548519233,0.16205980787455554,0.7523689756181947,0.3926229492287927,0.05493217881921797,0.24046418741034548,0.09540054996021075,0.304941260490985,0.41060752016542323,0.3291074290975422,0.4238540887306148,0.9053809383025911,0.9660194935171911,0.007222294339706448,0.2013633694553758,0.8670183377543716,0.7885153236873575,0.9722074480820478,0.24707481319831048,0.8568955202263215,0.9014630344700499
0.6132872049335876,0.2262167019777519,0.09029049829809177,0.10145829784522431,0.05537168591724573,0.22510365817072753,0.9054959568810905,0.4313932179782576,0.0747594021817346,0.7860955941931949,0.11670578946365762,0.3103938828324886,0.5705507739177972,0.911818719028388,0.4504595643151388,0.34604831127056523,0.3391171995281057,0.7129955708902154,0.20019722193715628,0.4100093396351254,0.7436975466246278,0.5705199870423113,0.3438273836846344,0.6449723205051408,0.49716998828601044,0.9099524358247164,0.7608143508399077,0.6891904196449509,0.18327399665960853,0.9453992106125019,0.8581405974640446,0.5541056230748528,0.3300333625081395,0.03977924172612646,0.8686031600587711,0.2713359104747154,0.8188586284584048,0.6497703392905161,0.3202532809094175,0.6371752087149833,0.16378250571297737,0.1762665014076923,0.6923911008101999,0.12592479767600984,0.7275099638462746,0.42496630401655744,0.07137828947725389,0.3177903545556552,0.2544399295711497,0.7967521477826623,0.6986327980529241,0.9927421003329112,0.19554273100727415,0.7738085761802472,0.6635222521619122,0.378649995120219,0.17595413521771242,0.7449673519820291,0.6354732533916209,0.9101695763400353,0.6133728101866167,0.7225558177290614,0.45246592756184345,0.25426846922865387,0.9338251159305836,0.043064416802916616
0.5871845423741908,0.2889476757128896,0.05108743042374175,0.7152376998551337,0.9974462577160492,0.18362525660671647,0.7770330259719602,0.681733160157087,0.634132246229132,0.7228149302886131,0.6123965490948078,0.8942802099349956,0.9276962796635093,0.5391454532151155,0.9309265080276308,0.767311730077169,0.9034280108264025,0.9774310166039623,0.9146219309139071,0.2713287552209521,0.18599934152568298,0.8984170823871873,0.723726564456771,0.6547985714238885,0.045424241940263954,0.8489897771661814,0.2923800593373943,0.5421753308046,0.8094135073933486,0.6750514021934811,0.829302531842355,0.9456712548839041,0.421207575466658,0.8339284294530351,0.5726151213491416,0.5496957697785425,0.65732279898356,0.3750925221885669,0.5988761409123213,0.4794188362474632,0.53624681129864,0.8011391808024129,0.5186383699344693,0.6487037230964198,0.7469713744148239,0.7953826464206687,0.7043102436733654,0.6976938514362554,0.5053521953815843,0.10808964989114067,0.29082999346185334,0.4766271262869871,0.10663659916227808,0.7302890695949186,0.5656380333653054,0.00999010118061594,0.584101805706909,0.8522580074896037,0.5216600421493197,0.8839139569845522,0.30659790675310294,0.0031993252272227712,0.285489406133121,0.03975263629026049,0.051891487181779605,0.1992896022702646
0.8526841608550161,0.028073032980924784,0.07805696467968692,0.889190530723149,0.0630704911902844,0.8798260899671227,0.981764649927086,0.9792807682898432,0.031170968941514277,0.8852564088920275,0.6801660207390371,0.24527942507637168,0.31035269289668,0.7361476563457696,0.6821780257638602,0.9925964532633733,0.9140167693981078,0.6832894415192898,0.9253202358486021,0.9146591068681831,0.9431272789753152,0.5885909287651888,0.8458597346933365,0.7166278038341569,0.9766043013107889,0.010055059647229858,0.02287052836970671,0.22132891610854344,0.5695822978753706,0.7478669044080037,0.6909158827906899,0.35489583286777004,0.17426153823913537,0.6011380028835425,0.651413041462572,0.6215236687658527,0.5490572411076029,0.43738827195336516,0.6293420358670725,0.4199076700525909,0.25397670269740524,0.060635766448774664,0.9198114679314748,0.8283483075463066,0.14363265824274507,0.7790035198475709,0.24809551464850355,0.29117136437281077,0.8640261474995853,0.01904233689687196,0.1271086495578292,0.9760244534415023,0.23521017765181873,0.8115066763648586,0.6378852209046821,0.43977577698930237,0.05917077497678924,0.48211065846155343,0.4814835140163847,0.6401551674743176,0.33073956698429596,0.4208293606234561,0.35483476891292265,0.2609414660390792,0.04907781619010565,0.3746006824195992
0.18840963971245728,0.7804137738623742,0.8282490985763126,0.31082115689500855,0.5501756540420258,0.7059492732520763,0.2876237827083221,0.5328187380003339,0.56817178730687,0.9220633446017563,0.7663353396948089,0.3935246113928569,0.05312621048954258,0.15485234253263114,0.25073513740214615,0.649854652549295,0.11289666591477432,0.14271315117570993,0.5297686104580565,0.2278510948452862,0.4421129781985339,0.2213782133491694,0.5004226830888613,0.9274229629723967,0.6432538331607778,0.6807179159811907,0.2338704901087687,0.385563852390959,0.3894906556703802,0.43142718846605255,0.8826661931272979,0.43821426618896997,0.9749837048817037,0.23162665346572864,0.7603194878203852,0.8734743872451057,0.8149167148073583,0.9665729259570965,0.9568052753464786,0.45266325178566413,0.7554079254588966,0.2490868069076042,0.6670413406691111,0.9907583581126543,0.6325370705683756,0.9139718797178121,0.004092911451428538,0.23403924853275349,0.380079394946364,0.816610463381224,0.4448397196761774,0.2502976806892562,0.12713921684770912,0.714087665075746,0.21306774524589767,0.05576601421934957,0.1497274349446699,0.9066084049947556,0.843424246137157,0.24295439482820103,0.24442857315962607,0.7476365341317193,0.889401613969551,0.4448766079196431,0.0776546517793879,0.09309869698552253
0.2394915320875769,0.5736831441763687,0.3305849229253087,0.25316046211443544,0.7878782843306631,0.9055098133763552,0.007741746343832401,0.03449559311196149,0.2695157522408922,0.2483881651333395,0.10625472519786827,0.01663367920396641,0.9141598800812932,0.6263543772966155,0.9532165087899106,0.2928855259828669,0.19990488593115274,0.14043120725371538,0.9101357261364493,0.5245093800745873,0.39399714898049265,0.9259472108714826,0.8163431654704256,0.30619588080633886,0.7571790842423665,0.41569661722290097,0.4973101512541114,0.5216124530630496,0.2575397207163913,0.4397317661602582,0.8991883684707398,0.579663417056709,0.3908270847900518,0.04511970305259305,0.9274826737824922,0.16528478984940986,0.23640288361232975,0.3027830709269391,0.8656201664964798,0.4130079098819869,0.19149713678756453,0.7835848266930641,0.32827935822154974,0.21718915911753334,0.9211467858187206,0.8321053578984745,0.06469616549880797,0.7297178533983628,0.9371787537434622,0.24409927465326198,0.5687639606819048,0.9641780635213596,0.8768247005745149,0.46240886888972244,0.3755969421324593,0.8248541329704346,0.990031301937076,0.9461494069798783,0.12832773293401556,0.8096339285024998,0.5642560600742839,0.9392717027095463,0.9842612686053541,0.09777802433595573,0.01651588357958389,0.4671449628230515
0.6961090298153207,0.7266864685905439,0.16468127750439798,0.02359338415049328,0.7518791300586027,0.08620977685106146,0.7534867686769149,0.075858224105534,0.2860989190636455,0.014713929908937828,0.6554536967058681,0.21124607513055993,0.08539910048629129,0.36802398225257693,0.29289836511520073,0.4767639527758928,0.9030891155797497,0.050534285485807406,0.7344257411813926,0.22182974021103619,0.4702058124647035,0.14718803836742755,0.6077842566565865,0.5441864529852839,0.04461835723092544,0.9756924636943978,0.440685041488432,0.2604376420443525,0.07512442197649782,0.5902499613198209,0.2921645591364378,0.17515993443869293,0.5740738049688439,0.5112502154137286,0.5692968304248912,0.30633838211837106,0.08990773654426742,0.22978160979706064,0.7375375359538887,0.6399087592281772,0.7501031149869826,0.3414845586731031,0.2277090779532258,0.9324806015807247,0.7053626769910027,0.0011839400031100622,0.21861222233566824,0.058853234308944624,0.44749411586811916,0.7579010710949434,0.13147639449923476,0.4097266692683549,0.8962719273064021,0.7292602132997351,0.6109376343867002,0.8850478224984448,0.8546778949094166,0.5049686767047462,0.48695898830683626,0.09972182190314083,0.4172675695964184,0.13096349949286268,0.7130856774858629,0.5209575012145337,0.18301159327623395,0.018981549222121807
0.5586531301681881,0.39030448008174023,0.6718122829235041,0.650724762842432,0.3960430543689223,0.4484790002718584,0.1729974219773459,0.501454875259256,0.2688089716261898,0.6773646595059526,0.364444999872493,0.6947678514016346,0.052469250204122186,0.5011126405019387,0.43259378853077146,0.5184605242238522,0.42699249034369613,0.1470561042241768,0.09644671140828842,0.08081743089466098,0.06847628988321552,0.1571914821643532,0.8927750090599917,0.06730891386747806,0.43724731187893207,0.3622689346704032,0.31508317229926464,0.7696062507940727,0.29058684564452175,0.9830737954871489,0.9154959054716909,0.30198328963972665,0.580513010198081,0.9072685192277009,0.27658029453010025,0.19458813398420882,0.7105266957245977,0.6052052568300776,0.8392172781670604,0.3587328185478259,0.21995585223137848,0.5944073099485722,0.9329889288238843,0.7562625188781985,0.8405079854952373,0.8399568306547146,0.9971487998069611,0.9732303357024952,0.5268686707600678,0.9868156566329432,0.9030948440489577,0.29751728065111727,0.5016594333434194,0.860144897257253,0.4933653578358871,0.8307016881420679,0.5747954658620995,0.2409777662014556,0.9375304928716205,0.6263958318202121,0.9982598060910476,0.5271398323171929,0.271953160317024,0.8404321341360667,0.8995376948754141,0.5230992462479205
0.5382446491016492,0.40269468494234684,0.9004307689591998,0.26746905432533186,0.2643420425652824,0.7760567053073472,0.8726979330630773,0.5031724369615047,0.6424861996179522,0.9547979321450132,0.9079455764347616,0.12282108122040403,0.6499798644475044,0.9730403548524492,0.48641747005833447,0.6806456350263836,0.5314583923881432,0.843154757205832,0.5178096568900975,0.8523566048471934,0.5155055326942686,0.02475437451617346,0.39696403836391536,0.545602689360911,0.3737996819083288,0.23680629333585712,0.4682693710491197,0.216233072411405,0.4475767839616538,0.6685552239749891,0.3248257993993998,0.8293589903476549,0.06404755553327834,0.41936800943683394,0.1819054367346623,0.8192487909947002,0.8445090767228731,0.30327203921845547,0.15896798453665228,0.34838032496577,0.266241355363402,0.9908738858336607,0.680466875307428,0.14351293254646835,0.9818816457717493,0.8295091647489365,0.3629083538700393,0.19543068653227835,0.8228207697313465,0.5818887336155564,0.6941019796819952,0.6490477459883895,0.11726716427549111,0.754169700517311,0.5302678627108555,0.2818552655945721,0.9389758375912833,0.1462947919273162,0.9376426138155683,0.0712289887699058,0.1692412534232589,0.7506067138887601,0.18745240798003138,0.4849050757591582,0.8026047151706017,0.14915892009125264
0.776597859267222,0.2939712197867851,0.7558278152213993,0.11580793619298246,0.19112258838093,0.9040092100309591,0.5500359795096594,0.21608649654946166,0.7555133857785462,0.4275636903294142,0.6275369276707374,0.8160206314058224,0.318106806633922,0.9799012783057388,0.7376709657406616,0.06046854267269164,0.7113529563542142,0.9700635867317122,0.7801510618099705,0.06222232985678822,0.8954149680295147,0.4805058204242917,0.7297029648853826,0.7550280716667408,0.44455788499983695,0.1811526221576215,0.7824161884971964,0.6068443305762868,0.5680081557357858,0.6074915062012839,0.6620693229151897,0.6640719794569869,0.17044123757523522,0.047363082995557026,0.10379386968974769,0.20315374713343715,0.5519810826314813,0.7273968795844823,0.8927926494548896,0.6028548279592638,0.22357255666759102,0.4675800053006052,0.4774306860275287,0.9187004715870639,0.9708133632022036,0.4812353316973905,0.0988673929406958,0.04046065135317245,0.7378097146780933,0.5377252365775631,0.5835011327329279,0.24423539019428253,0.12234581667518041,0.27648499286580075,0.42984822158183644,0.41260911341429907,0.2746338473898946,0.06353014030099935,0.588080387786568,0.18950593492663226,0.7741382547119725,0.4153704742504426,0.3782961614622956,0.860792094367365,0.6224438455511224,0.6803026463113596
0.3227030173367399,0.8073355652084873,0.8348647189654534,0.36334220134030015,0.2772390279897555,0.9641473854940681,0.2394665877087616,0.20859541193388031,0.13976404465352543,0.8373928541457721,0.9994026590733209,0.9116597111352331,0.5848021392811358,0.2804750707687399,0.06293899694637906,0.12468099812501132,0.7289185295418423,0.4110570940346773,0.2152721728566649,0.23798524386834352,0.36616579553773354,0.7628035792293847,0.6572185890492455,0.274740371007691,0.42963586845757695,0.008786087967818212,0.06808156832785595,0.11889396384381734,0.6330055800545842,0.3679110693136086,0.9234782147702164,0.21167123659720544,0.8250653124183271,0.11139281135953738,0.43363561514543547,0.7982067006564291,0.45057191376298467,0.42320867438159093,0.8436416562693456,0.7834220198900754,0.6523684733686671,0.23663687097811315,0.9943625737569203,0.26505185084224314,0.9725649413025393,0.5683919933619224,0.9812162646883321,0.8517580929752488,0.31467571097222646,0.30253727394321983,0.46771628791081543,0.9455625472935366,0.8139611283676058,0.33826651382685446,0.7116786507322611,0.27036647312197637,0.5298220289294638,0.5088126205409197,0.6442096895490677,0.062115237298578485,0.42194770047856733,0.7031541039414271,0.4050699802981922,0.5012048429950078,0.9010191120231081,0.17785483843375827
0.5827359198048694,0.16401608201309237,0.3551213401757092,0.133285865712245,0.033456939177115674,0.49800183665780384,0.4446197513883353,0.2466431607141113,0.5608332139513672,0.5835412809711372,0.6311072653355465,0.0035883295181780017,0.9259147177031561,0.7358141976452417,0.3601305068986923,0.3510039214859717,0.6275499402907002,0.8212378163986181,0.5527548448370607,0.40526881133997883,0.6436880868271256,0.5155473280834159,0.5776295619699936,0.6936231172924827,0.8565660078841489,0.11439047506800248,0.6730663287631067,0.6806065177903209,0.19818716235746214,0.9223456323501346,0.8677452247924268,0.137217464536601,0.647226787243658,0.6925618734254511,0.8090145885941286,0.24735524271299214,0.08447369787766112,0.06675857075668667,0.5493520387436779,0.21427049143026022,0.6711459898535139,0.47411118726674883,0.26440631791957536,0.5291643373102954,0.852894391324524,0.4875888788985431,0.08014014225782462,0.9947397745990311,0.31203349418024784,0.20759851285892006,0.6719468945979589,0.05842379011680976,0.1915175747275546,0.8453292630363383,0.06521462483597151,0.003141627909649558,0.6964047503040598,0.3119802851124288,0.11466315372526903,0.06794010622914448,0.7420291089921549,0.28509358757054204,0.4688808547495036,0.6264195101096006,0.662827534762996,0.9195029255700131
0.436840279793269,0.13784879975809883,0.12174421830539905,0.09794903633452023,0.06477201103186814,0.704002302383939,0.26736268029259613,0.8752000340583401,0.9046292089584189,0.7141700920553108,0.8743912127069091,0.5595553606269421,0.4094753392021492,0.24145889378188545,0.6728549171306922,0.6969002595156314,0.6264805933407549,0.5654137861430008,0.3223234087205147,0.07501752434487963,0.8748129088309233,0.43915512876083407,0.5197300556893018,0.7496513203036367,0.39356168102057054,0.4936398577448289,0.5428155765688334,0.008857970897265699,0.52393371276663,0.4773193685357934,0.12595461001039643,0.13846698914213862,0.8503124244225503,0.8663808451051815,0.9411010823054208,0.8290147850071525,0.8663728786823649,0.7489232047696364,0.11381456119406519,0.07330302706443037,0.1552969546883608,0.7858320937071666,0.14280604593604707,0.4437719070272128,0.7772343484735864,0.48178318241140916,0.31116895043392034,0.7101683525407242,0.5425066825732889,0.961716675684111,0.1784366019073621,0.8605278591414398,0.11565360827993476,0.9412900478663326,0.0248349933976858,0.72227776544406,0.44327142423825205,0.6042304663401376,0.1825757842001826,0.5453089995164564,0.8276961317576543,0.6551716102727458,0.03376071106161915,0.1051522810376746,0.07893452190012451,0.9034744881472536
0.08044604044927706,0.11193366691784323,0.5688483652449784,0.35169566501439875,0.8996413291524523,0.9695737438356883,0.6844485141739018,0.9117798779746599,0.9844937557658487,0.21973350752637721,0.13125705900800133,0.5527190001881185,0.44263601500020844,0.3262993518329742,0.7730474080260303,0.8953324761590059,0.27365194714678764,0.8087381006004303,0.21087360184604065,0.012988957506998133,0.4798407643713246,0.11644297702290596,0.10215187620442556,0.47150287745903474,0.5779375314986316,0.051229301379290715,0.29965906638646633,0.4471035013039075,0.1741738357220839,0.9914290691610411,0.2506635736255405,0.09828829430283426,0.14103918659927683,0.6485713806207536,0.7380069278218069,0.23553643847882888,0.5913303118515881,0.5964256785161474,0.9678049189357458,0.7322724523507481,0.28355228998176407,0.35222335681600114,0.2125390069569144,0.05113369090075037,0.3124614636879566,0.3611625559299837,0.703660542177966,0.721509906035064,0.9395170966242132,0.8378396824315054,0.2344313693510004,0.5974870321396252,0.20023553343988587,0.05204097768595117,0.9815765734174797,0.24974086743966661,0.4889162008459764,0.3113655237587819,0.3834261412042581,0.9005915998210602,0.6659363792570568,0.5894411715516401,0.5225741297200186,0.898342749916254,0.35878794248298185,0.4760329968874035
0.35268571300356133,0.8451932453019531,0.03525545869269231,0.8841338052308727,0.2819332721936235,0.14242495938456068,0.11561176548943697,0.7391644578210709,0.07964547784147102,0.8972320990149696,0.8604344201261993,0.6967017041629113,0.8081034999147476,0.847472933547514,0.021621555739511633,0.7876892465050517,0.49802124014691207,0.20378861434575413,0.27641375708745486,0.7738780885410789,0.584097208912258,0.08294759689031117,0.2777038229929375,0.9112799455318822,0.6961277621167179,0.5119382821262501,0.7486440719343546,0.7657075784448447,0.2615224736024683,0.8192469096971828,0.42553623970808596,0.7020146203488701,0.516664650641631,0.5979212562562839,0.8102163500489167,0.6774361601000792,0.947410871043697,0.32443526917289756,0.6316234240181996,0.009471213492998398,0.8831255081235724,0.14803328370246194,0.635967083198404,0.8600364590190758,0.9539973238016766,0.3271472844405765,0.8258858744351119,0.2801601945983224,0.3879872577829243,0.28264385901157085,0.5512149934040457,0.793274445979817,0.671607689244883,0.2620721826917777,0.9174582059886537,0.6602018994717799,0.9278352166753544,0.1647483169624966,0.8227852332167236,0.16522398865131138,0.47481051226757065,0.16442489887383893,0.5603534074793615,0.49015483134585847,0.42058047683963384,0.3844597164386242
0.32997737415795014,0.002135352472734664,0.8219891982508042,0.02981039676308128,0.19164882996843513,0.07090087331630512,0.8899260544150694,0.06084692367093314,0.963133588216724,0.8525639369333318,0.9584908667970761,0.7058871322478327,0.31485049952268795,0.8294942140645405,0.4522374358274306,0.8525252024191636,0.8474631776983998,0.27966553712532816,0.8835081355982259,0.6322362737250988,0.25109188902153,0.26387952609103205,0.9909745992801765,0.3184054584709489,0.7397796720516411,0.16556439436506598,0.4908499832135381,0.9948425233796141,0.8308233918664418,0.29538632521915875,0.5538409245830297,0.320008408773387,0.19580671402481908,0.5817002139959029,0.04375805187644266,0.11159320640316439,0.7486488484668148,0.9079052517614974,0.7578059428948304,0.4067499194344928,0.3557091847459265,0.22906039181634907,0.3939247700746965,0.11520155387930298,0.553965092671134,0.2026529264365804,0.7371576448865231,0.37560396917351957,0.4455055591093674,0.7022038582149787,0.6048690227231174,0.24996058562102763,0.5000613235027961,0.24743120338444224,0.4197409785262426,0.44654896836753055,0.34201782930498514,0.08098262499339626,0.8898264117754218,0.348733794358023,0.724333770180638,0.3492874957207478,0.1665385902684784,0.7452043149563026,0.7990154572592683,0.60386722789196
0.02430960412624006,0.30658894070349074,0.48227268675146806,0.629482197143492,0.0597500161661928,0.034063058913973765,0.1822092840421603,0.4267826042849585,0.6434954594725721,0.6174811379454277,0.4078774050849948,0.029669331139684285,0.374525771568639,0.8837269530524902,0.8107517452507071,0.7213603829931029,0.08459515769207548,0.29039146903714774,0.02315583435793489,0.12819708460535684,0.019512493769693662,0.7255501865483551,0.252899774908384,0.616513879810874,0.6843632360964846,0.7113274712941046,0.9693647541758841,0.3954339178420534,0.9813651615863562,0.47709817581528646,0.1734965755279798,0.7372422301820027,0.6919023447134235,0.2675916939189038,0.6826471031952173,0.7670271387111378,0.05838314972925562,0.681827433442802,0.5809284506123691,0.3445696173444944,0.20691941388806978,0.8007244924982101,0.4867224092279263,0.6639995062492088,0.41842580666869056,0.3543929270762406,0.5712128846916277,0.3305261540383474,0.8035898411922577,0.2045274816602749,0.32528671915385354,0.8385907887788626,0.7662642766051435,0.9729891203215952,0.9168743875457885,0.5720763686467957,0.7501858911213797,0.7345737280804023,0.6067783161842621,0.674749983379121,0.1555253958088223,0.31013098089079294,0.09826410144717934,0.397901906018289,0.9846253408719651,0.8456111273748234
0.8841652624262339,0.8221846821655118,0.7303843168819454,0.0432810512132511,0.6249795614117684,0.17194417777320425,0.2560969903633915,0.6232649204104233,0.34241134486447955,0.2928740000492769,0.932161817868197,0.33672924670895676,0.7450406296452009,0.24761384801398267,0.09291886863093135,0.12644594903298545,0.316276395654828,0.3989508714228579,0.9559826442892597,0.8361309926611571,0.8894782847455963,0.7965728072863008,0.5067857771053298,0.20687059929081741,0.31110725937217354,0.1608603763102966,0.49265120611130375,0.7671105660495856,0.4499921005842751,0.2659953344454541,0.5935621583683102,0.6220988905953895,0.24927596670301466,0.06470023870582697,0.04090067224753402,0.07933546934914959,0.7373327899526778,0.46821436004588335,0.4407766850300431,0.5084968749626885,0.9149208135306588,0.29764958394458796,0.3251720602711554,0.8274683971811972,0.21806623649251622,0.5566593744458282,0.0019745945708775636,0.5305295291054376,0.8196472550805141,0.8403923884013805,0.6040791180757006,0.2304027792844846,0.3773749951166443,0.3919920060037486,0.8480844106625316,0.2727905791913643,0.961844232117155,0.04544176051545812,0.9047157218169493,0.10018819992263883,0.8055537514929153,0.052345596491660595,0.9559549799534914,0.6911752547731527,0.20227260789258517,0.5802714640855355
0.46796162412628484,0.5820522508899434,0.35585472824909514,0.49157508967467034,0.9442190401507231,0.6896025532662953,0.22858180222396296,0.8641606663708126,0.9399430459617208,0.39692458924102036,0.47133962532864204,0.5994233739173389,0.4166399859899256,0.13869278051248102,0.33141099592640644,0.3776584933055487,0.09480447507766587,0.027869779257976623,0.028393940594395706,0.16751041711790138,0.32309744542939944,0.9028072095750546,0.4647308206157912,0.4735742179007951,0.1239473672675333,0.5418351293648442,0.29456047417682085,0.515051297578072,0.49836857852892114,0.6918557052605715,0.31308230198792886,0.5683998504053346,0.7768928062642615,0.988119604313983,0.848347437980754,0.7782097596821012,0.7888608529097272,0.8042784636089891,0.3383687555222019,0.8430709339476931,0.8889236321883361,0.5649702394211105,0.5586683985303936,0.11699282429811009,0.42745276867274373,0.07760866007025158,0.028857425067785658,0.8319719789551472,0.08066278895457513,0.9957122638334991,0.9715695416217082,0.3435937011735586,0.5665987709589054,0.613021671322072,0.8230466154145955,0.529092898865137,0.6647438997161675,0.8058191584423312,0.701900883464972,0.7260881830605841,0.12985454735721447,0.0902773887751882,0.431054923042577,0.8902423961372674,0.04473029176600585,0.44232890757781185
0.6775874308766665,0.971391701787841,0.3919790750042569,0.739462026328372,0.5261886514276031,0.8602248473458245,0.14143899406386307,0.42701258814164644,0.33415698225868085,0.6413825910930285,0.9477693389093425,0.2859352326143133,0.02934370962379107,0.30388686732898773,0.631825593533327,0.9847018458881269,0.10718025154908484,0.5060983266508041,0.9797844812297586,0.43488918597014226,0.458898251863858,0.46993954238111957,0.035586465846463966,0.8381811417381094,0.8202799249260215,0.5879106233863948,0.9851152359750788,0.7119258176498346,0.0687521706328117,0.8664630116532142,0.9346345276104435,0.11105128058422764,0.8163648763413738,0.9005858699369628,0.37135501398424253,0.7260580592013033,0.7471700660350461,0.6769993196926594,0.8606047649037768,0.52997032153846,0.9297456524768568,0.13713696661555264,0.5819289769420901,0.17154204183638289,0.8990833643258825,0.09613991381359221,0.6355457968351081,0.3676782703216872,0.6467876394637005,0.8103730839925769,0.660937070398293,0.13494583824270556,0.784508469197946,0.21351404450512657,0.2009537067204712,0.818211630394615,0.05275795490335167,0.6000532519874776,0.4176677941396213,0.5238613095872278,0.03573662614399853,0.32508421160073475,0.2203044666071754,0.7457141464744741,0.41252252968442427,0.9105503189372604
0.6009383595035233,0.6836654006690427,0.32595219722210533,0.800655145384062,0.9902411057838452,0.9982500182025502,0.48274957959551756,0.892931302293249,0.7434178108182805,0.518736857375374,0.411935302216237,0.8865022492876171,0.4455718670483938,0.7280258505517261,0.9032754618425557,0.43536069276449874,0.5860894087582278,0.6845348658605778,0.023505232945538523,0.07202601571135936,0.29323577704493475,0.4094274324745779,0.2652897348684562,0.875732487690055,0.24300835361039896,0.6669456397561112,0.32236081278220885,0.8993386172891078,0.5603915838687693,0.49627781154688333,0.7039949024937208,0.4404377613276569,0.5165111685928316,0.8153034324795535,0.9029739814713497,0.34468864123741094,0.09178667451496914,0.9097227635576607,0.11339787684259273,0.6631734807858478,0.0230329180784401,0.6454921127093476,0.5581929188737578,0.15063084711763397,0.7815618285121434,0.7981499683384093,0.3308887230297607,0.28769927842954135,0.03968881183268469,0.9795334448172204,0.28221071205353965,0.7378464015558421,0.5746483979651693,0.26054805783789237,0.8892635487089003,0.4084480906516842,0.23177599013933936,0.7380685625022374,0.23355625931113233,0.5755204777018199,0.5229139715141492,0.9747119892961633,0.18384724301906352,0.852897187576549,0.6713520185708443,0.4521386954620652
0.6307631548132868,0.13918320196302336,0.43121282186073184,0.9217007530619874,0.15237272686453207,0.059605525939037673,0.8070464013676037,0.8106714957843639,0.8033731505630524,0.8349201875942951,0.8784973657324148,0.6479538157532934,0.8152726798344653,0.9558240316619188,0.29526115789497964,0.8100790909491097,0.8709304087478947,0.5188588984494609,0.6491470178923499,0.7564724647669991,0.27404021943344403,0.5885847518259569,0.8529167934940814,0.3223743665869614,0.7726225824154417,0.4908373432459573,0.8596704072949506,0.5684724026837829,0.015314624589110815,0.5131753856973121,0.5419000593723922,0.14821138981763493,0.6202251982853101,0.09116084445970929,0.31593752325933677,0.1469137799258855,0.6183484077446536,0.192905201562391,0.14536940816723587,0.8712565433686249,0.5970055361086999,0.2793537323786952,0.886097841717301,0.12331478324551692,0.2135119839645282,0.9140687521769799,0.5460748453019311,0.08029634835345989,0.8752421878115672,0.823811730784161,0.9243407237363532,0.01925545268969131,0.2894922339105833,0.9700136414490045,0.26684801571241124,0.7754884639534482,0.2750165280859632,0.981261534610632,0.030654367342523248,0.0039773156278402055,0.6968410228524691,0.11821852419374212,0.58341903979964,0.02516196854196817,0.6369326000403186,0.7949337558356162
0.6817395526894146,0.27948583086299605,0.9455303525491056,0.5642874649209662,0.8697162287582478,0.18957316462610074,0.13142131229713117,0.3903555516856342,0.5182343945429647,0.53456117925883,0.14416972387735028,0.9767673366817471,0.08580496216871625,0.27802321331033397,0.9772853095878066,0.8976689847495996,0.3234064240847907,0.15908435665043286,0.17854270741960854,0.2866939761524545,0.5686219995645715,0.2557439226135252,0.2921410167301386,0.8793817196588255,0.9784681469483509,0.16008414272402738,0.9771183818429124,0.2757736642249796,0.5356613822020401,0.36695771967236723,0.04741376355276106,0.39245591966016924,0.9296724516448642,0.9709116557643401,0.9611941976969559,0.20710616237078072,0.9617683383046608,0.7905182578224145,0.35054239379451024,0.0636418359828812,0.9523439780403163,0.5949486257483666,0.02732644055367417,0.0023554791670008512,0.7391973256585659,0.1945378897555916,0.5270495859179964,0.8069623631076007,0.24700285729339733,0.7752555070883899,0.6597045903455331,0.7192745749005184,0.2810903491594391,0.006408077765630793,0.7251342814147431,0.06225453874800668,0.15273691056395666,0.13156591368027404,0.020125639066408407,0.33349042450733846,0.9785322459804128,0.4646192777541648,0.015442113265063506,0.6836745820285293,0.012978680648918273,0.4560333559988645
0.11322486485789585,0.07845550520215583,0.17133848736604285,0.7687861966455656,0.20867050580151725,0.8570725306250181,0.9788434509104679,0.6091367405447706,0.3746192513048032,0.847472062000271,0.5427324504919437,0.8942851163454526,0.8636643460896969,0.6751426307675177,0.7851846778075169,0.7071508721546846,0.27961958057608705,0.4116954186523666,0.09806798506670478,0.8879090125276029,0.20865881611879977,0.24925608476442895,0.7845227157237753,0.5425879798952602,0.8201678139180788,0.4580224413251659,0.13775360971748196,0.710947213538253,0.9483251592558656,0.4868819299675978,0.7740035807784033,0.42901688703231067,0.9476556614763942,0.7007716237141574,0.8845347067282687,0.946095454362395,0.1792762310264553,0.9135027804974786,0.400543639763153,0.9116656893331608,0.3292808729969826,0.5710608636685021,0.6752897595995958,0.934602944281187,0.8866875853239111,0.16793121309849535,0.1793165015053938,0.03521452494100763,0.015597307844903985,0.237789213749796,0.8774971137573748,0.16006222120869196,0.7446905512292005,0.04993349119084434,0.4107386301002838,0.11018442673899465,0.8669150998244515,0.9641289812786065,0.9405283272313754,0.9452486274039038,0.19319359543586767,0.24906655004989353,0.531109562430708,0.16932862437601826,0.8362072509106914,0.05343421442129437
0.2419244649711817,0.7784151571945338,0.01378809018596916,0.13363461680445587,0.6820633164734715,0.5554326817527417,0.45617869370455366,0.8884720616297532,0.6388115451811492,0.8354491314289031,0.8773949232725476,0.22867176816470214,0.5339869547667557,0.3319293379509358,0.12815426848025657,0.8178830037336708,0.884611394484659,0.5142970676906072,0.5863078241453619,0.26185655370183214,0.6485627181739708,0.4577347428784253,0.060441870704034395,0.8937765130531715,0.32120412774977214,0.04806367200107342,0.9832902822596806,0.9062650397443327,0.9155900295951407,0.9177120226679869,0.9538268051110178,0.714368012171574,0.5066986211452899,0.5131915818149984,0.7503815666264104,0.5988684538670052,0.8492434027813415,0.2501686202333169,0.7818538331872378,0.8755637537913489,0.6889670526982907,0.7991278530890125,0.5700687599562683,0.06368173288352874,0.7789227719701692,0.1627934130756412,0.2635530320999854,0.7853996209728802,0.2850999608785372,0.3558834412489492,0.37148053242310486,0.4184691915716431,0.21985221044253145,0.17844034431672728,0.8762657507578253,0.8452402084087939,0.7769377837221134,0.7858921084203183,0.6342593970757371,0.993913562887653,0.9585835462681559,0.5021640400606486,0.5062270120114919,0.25164438519913535,0.6828355748888477,0.5965748502851705
0.9727681495716531,0.2441546492510821,0.6385609401976625,0.5509145439408355,0.08456022199387159,0.9228036327249322,0.5158165685932364,0.6800161482700829,0.4732872566136911,0.3776039176125616,0.8809028818145255,0.8372967835157906,0.8063411987119761,0.30345938043716525,0.8882714611667766,0.33615826708832053,0.5068590820275686,0.5869411214235917,0.22555748264025566,0.14880116176252534,0.7803867475897563,0.052205610806945524,0.1733591035431684,0.9059198958903254,0.9904354242887217,0.007199423782291103,0.42798784268109813,0.21391180475250982,0.20742514625195074,0.8650829339021745,0.38326525635745445,0.33064534559500613,0.3189844854043291,0.7808450974231926,0.8965431381415756,0.2964983744714528,0.43430368429143285,0.939370425188229,0.17447542232552304,0.20429051869959336,0.4412135288921415,0.8587579703513952,0.30567233345304223,0.40989777670202787,0.48189047874921775,0.8314815238754971,0.1402181617258852,0.13475208020737173,0.8015635628288317,0.416019281384998,0.6701361280896758,0.0920920976139572,0.8943262102384945,0.7128700693444666,0.8002350174088588,0.48074577029957044,0.12113229825890226,0.011412630118387224,0.41537389975904215,0.9333891362334715,0.0072821585262350386,0.2778529741368696,0.9480332837917164,0.7806403544459507,0.2401813687595794,0.8695447526255281
0.229181500308819,0.2980112927418518,0.9828808903089052,0.8072555439883599,0.2657781411457034,0.4396535166588187,0.4948845457404696,0.9144921128896368,0.7298565541781029,0.9309998130744221,0.20893583643479585,0.14178586143483907,0.366980009653871,0.4918155880879759,0.3509727490088905,0.43387952718832146,0.23596707848198628,0.39183981449357275,0.910165969748467,0.5690444148312636,0.6771335774904055,0.5031077221351391,0.26693232640933373,0.5022974000164367,0.1729000373049231,0.5062130702554403,0.06904172395227848,0.8780752030505314,0.8124649012927817,0.932180669055663,0.009412782047580559,0.5429632448833579,0.9013458504572458,0.27728438782575604,0.003918536023851726,0.08536462436115178,0.36694242978039615,0.5150602918395207,0.8935003002480583,0.6565345081511711,0.002875253203517447,0.9479277615523692,0.2021144282559183,0.5861943275972336,0.267708624562486,0.4902462073073717,0.6705131627985715,0.5959781680848115,0.3077645644699819,0.1552989910667203,0.2555873791580483,0.7352544607793636,0.10908818535118392,0.7306096569607714,0.03597542898273798,0.5164037920045211,0.20022593140315115,0.3691605514410017,0.9968692792663276,0.11042316002378627,0.12532918854406683,0.09849702877525512,0.9804250728118115,0.878766395429583,0.9861984215222775,0.0553652201087661
0.18291242226615012,0.9636190044710962,0.7122332730519164,0.5904451419259298,0.4557128500986726,0.13634501869390625,0.3588565675906519,0.2559046861599754,0.3245047388783282,0.6126324961386947,0.6578314729086947,0.08791470818372493,0.07944817174205698,0.08290341707648219,0.24699227370138077,0.5269291776316714,0.5089103274107154,0.7778425528207432,0.49226148036216244,0.7804479255097473,0.8502480695992881,0.9914392493138617,0.5814266504496781,0.4261448166930001,0.3133911233470963,0.11772482544850127,0.6170029613338874,0.5776567740480796,0.09644588149287003,0.9224277805580645,0.7646078590506795,0.9909943881684857,0.15726635873308403,0.46705747785749796,0.12362698261855132,0.07644808180317708,0.1309153617495975,0.8304665517022974,0.8785510926905595,0.8990282089465399,0.6901656313790392,0.5317311733191977,0.46221580763285386,0.8998916694318845,0.3346669853785724,0.3482271130942771,0.9162773784669876,0.251871163696716,0.06413240600310477,0.04406921125741314,0.36960942555772613,0.47413787240422256,0.6418723981559403,0.37662016280082533,0.5719068588201267,0.17419209525379342,0.18723349166288805,0.6325642381321602,0.7176349887277661,0.5597903997856782,0.6489733113361595,0.8600803290045647,0.3745633326677563,0.6690820397752939,0.3063313995552708,0.9099376472745635
0.19147527724244873,0.10414137178753513,0.8205311881383903,0.3758768249376735,0.20124597591604654,0.4212472789636802,0.5166754310066836,0.5334279500944749,0.9583328499407615,0.23067411535836346,0.5144738195621373,0.4163561637794635,0.4538245670741472,0.48942361750345065,0.0459678707421034,0.24121458362169945,0.7365455015249193,0.43224035879753275,0.799395218637121,0.4930234077918978,0.435314681536503,0.07941810387354098,0.41056151523471895,0.11888299721824047,0.9253099010416445,0.2843181124690225,0.2865648934086087,0.44136786344833256,0.7105886065663526,0.839184505827697,0.7914448143669779,0.5998376100823245,0.7051693518816349,0.2447562134947202,0.4493029054114378,0.5553397936871464,0.4866789099308996,0.36733855753755607,0.22767093816134487,0.953568817657746,0.2694217810959013,0.35641203757232054,0.15237687079151074,0.43038418570541126,0.297830183253616,0.8765196398683879,0.4748867711400031,0.26568009467690956,0.5966046059947542,0.9190884377534002,0.3640771692669622,0.6439379442585927,0.5304559302870682,0.20300466491307145,0.6266184068421496,0.16358179763420277,0.4242124442670926,0.4471763462715588,0.27362674905577733,0.6522966606401425,0.573156098819984,0.6039808039025198,0.84596918231102,0.791757528153563,0.33380389090267715,0.47940912160794
0.2865814278836114,0.5327572900540678,0.6269522785760162,0.03388312019077011,0.8053865196054864,0.79050965259629,0.10765378264045955,0.05713499492763818,0.6208773836723945,0.44994301421421146,0.4608962202801128,0.8412033366510187,0.6821539792268166,0.2820899958351606,0.767107240280874,0.9375138098330125,0.47618171267173026,0.9752163313106824,0.6482080649505984,0.07717619406159126,0.8072645019427943,0.11812208847406047,0.9527913358904574,0.8580443872156734,0.9992025921714791,0.6380870003544605,0.06810085501429075,0.8577492498385159,0.3153314152631389,0.8922210822967368,0.5568411595244439,0.4188286122956155,0.5176150373162445,0.33852054676448706,0.7084472022126964,0.4702428940686556,0.3931931884990091,0.471717795180272,0.7672962144520847,0.39897862778332327,0.7652587817095716,0.49905427658323076,0.05444434862048175,0.16610636514484234,0.9748682369890458,0.05239285869585275,0.9348235057284086,0.5735734463201646,0.0712641744710295,0.0856263795251716,0.5984343078575475,0.8311763109889712,0.9805162288113153,0.990127556292305,0.9219234671640085,0.3475709265486422,0.7357627500938558,0.8760247627703857,0.2560347789235221,0.9748439687371393,0.4470619039909651,0.9133771837239357,0.8447750840859924,0.773081746342782,0.06483841592039974,0.6048617545012206
0.7237375122854193,0.729537337509435,0.14813762855495527,0.8703736760803455,0.3678765134038736,0.7664113100996495,0.7873756528127223,0.8639809987192776,0.0631301261210796,0.8019244841936866,0.5510012671383838,0.514963251123368,0.9616371634927666,0.5912761267647245,0.8264608750012629,0.8872025834831414,0.046897717073016154,0.5672444388221637,0.20808530592112484,0.5849857015300887,0.7830779153872787,0.9246005880415471,0.6479933521395155,0.5983129848743969,0.05176055398792567,0.7481715139967356,0.93083344452085,0.17710139122090407,0.08979533603974865,0.0713006462054584,0.6591617873935566,0.5512056676666964,0.5335039531273271,0.36961991472341116,0.3434812666239856,0.5719722828977719,0.3473463788717107,0.1444605668410105,0.3794428726379816,0.6410790963687695,0.3692568989960693,0.93089413783564,0.6644368280010639,0.6137031488291574,0.44020972784604073,0.27730899515255025,0.35677817535741574,0.7155977964504651,0.6021751888992052,0.9865922434341362,0.8129176748304766,0.8974494186666979,0.6464800195183392,0.18340050371696737,0.05158528344438118,0.46492337588490806,0.37368571752803936,0.5776673857638942,0.18850046625321382,0.2690975704609332,0.28645130046068534,0.6314091359995947,0.1612598679664914,0.21952112446412086,0.07844813417126006,0.2040547083079005
0.7212393788064687,0.3909248092337636,0.205245812955286,0.6509397931272872,0.10782462734665943,0.5346489892624803,0.027189989663065073,0.28026902777111473,0.04000969762669182,0.3771437083069866,0.49964450360405677,0.5357641347018577,0.661381512258969,0.6904347448710383,0.15257156841128794,0.26538031487667446,0.8567326603112647,0.7532385651951559,0.14927542970804386,0.9608869231042828,0.9220232915414421,0.4864479556114014,0.5432367982889178,0.9087725978135749,0.9141379508787975,0.24299943783475364,0.46231621219356644,0.779849221302539,0.13286105959402905,0.9596726154074199,0.841206634897693,0.3030929460804884,0.09472011088289511,0.13716015847250596,0.495867134622081,0.31867469398844317,0.04682348479273357,0.9047871444797717,0.78777064988549,0.6857966448527144,0.5385448702386259,0.24754659645863697,0.8611507166856814,0.23286513148371835,0.8198844217399411,0.32565759128878613,0.4530336743116058,0.18069470352686412,0.8675619702903402,0.700641519421953,0.5736941754607235,0.24385167720865653,0.6533750221579896,0.19695053262607876,0.9342733832038442,0.9209102481545247,0.8640805934387846,0.07447210800571824,0.8586512212196734,0.3213077067902431,0.6580363935513431,0.16477185555647011,0.5582650837056398,0.24464960614338105,0.20106351737074102,0.6327265257952766
0.0714191316870948,0.1277299215595049,0.6624694247321496,0.06523766824159827,0.8727301964541576,0.9051948192015545,0.07189647328758364,0.6600057113750873,0.14370743978116418,0.7916936715701699,0.9386377453781548,0.3898835009949576,0.9620644616196038,0.48652345995886215,0.8172888038242463,0.1521166823874247,0.21521475242133292,0.32618885482156323,0.06708013324394835,0.07681835007357674,0.8725020537728805,0.46596212316230734,0.8969618031974411,0.3653136451902761,0.3610694319465009,0.25844274309395476,0.414488701272965,0.2565293753787816,0.18187216600304268,0.6152799660684036,0.8037806788124292,0.9783929839198527,0.5751909631981216,0.28763558189038285,0.9463090217690239,0.8312437822195141,0.9991040760883378,0.6816284081593239,0.7679869564514414,0.8715486982267298,0.4197277899666688,0.0369159779948427,0.34701852732540894,0.016754197499551426,0.9286369198661565,0.5397331785409597,0.34918690319459844,0.7758941474241914,7.281234809203285E-4,0.21612128884151316,0.670739278615048,0.22561358619435945,0.7848905496841262,0.2567451564260108,0.26375276784468815,0.29755663306489666,0.18019996112390335,0.7616103475798759,0.9948415504985034,0.9206059961271816,0.09195375523174087,0.761156111103804,0.04529274828277485,0.07025099805940505,0.18471645297650818,0.7696138944925939
0.7991943638062338,0.3173994972850641,0.6536458744574685,0.05718564523892833,0.38584609064522823,0.04023852848351961,0.020722921427841268,0.28950954946210206,0.043719213086164777,0.06528756643151468,0.7291082730364072,0.17604560436257854,0.25545957992643376,0.13757717972579375,0.35670185771783824,0.2934271357270335,0.16690327413521977,0.28492494798036905,0.5990818765556236,0.3054880999365026,0.14780159592977338,0.8375697632994465,0.7823520143866932,0.3885910778657242,0.47792846826571833,0.5919644877567227,0.5580269433096011,0.7890435504144759,0.04946997181939783,0.36631603401364776,0.6049379249472057,0.08880561719269486,0.6650721828375568,0.9855011121705325,0.6172414183351242,0.9363548951317772,0.980650000558732,0.5542749785522886,0.5929660964144714,0.7114895749559333,0.3930365539982984,0.7302291439549422,0.4541339746216404,0.8360141991830754,0.20477881903765505,0.591743803948746,0.327344124052632,0.21666644377377875,0.2118620590080248,0.6112192089513218,0.39280822368745616,0.6123080648895242,0.454872269305136,0.19015939801353376,0.0701789367202067,0.5543164557428445,0.25008181000101504,0.19022111135759145,0.4511140747979392,0.8172778221463113,0.7741708168865549,0.9031290805783122,0.31137041472314075,0.3364967280307476,0.41477288515696986,0.942398820163109
0.7393228516759539,0.8995011144171366,0.8187603201286859,0.6110963654590877,0.4031567748216077,0.9006356202950195,0.07116085816585105,0.4024037579221784,0.7455817958034129,0.9410006515011913,0.7198242976067988,0.4235483955398808,0.9427678227386707,0.08040771021576987,0.42443380980498735,0.6986928102609391,0.29330512395771746,0.1036869768071077,0.853183778109496,0.5026711061558196,0.8133422815523221,0.25059564814335034,0.0764220197654204,0.10499712060982402,0.20565685930003674,0.4767409532042298,0.11378101515729433,0.5623582352845553,0.04326564649629849,0.4623449022678163,0.4797996896013689,0.4878481705127339,0.9622826409121009,0.2663424054037399,0.5427631729223115,0.04648086902430726,0.894084632990156,0.7352180650933681,0.26246491729152344,0.7790670237405977,0.8834459173629736,0.5191514648555972,0.4048225113742223,0.24032318638201555,0.8371545566652935,0.8224545016565691,0.6447539688122484,0.8521233761215017,0.626725528036803,0.8209483324075086,0.06344915516810623,0.8190911738062988,0.3291758984719283,0.015841958117460808,0.42214650679565824,0.43127040107376313,0.03143039817798221,0.6618380568659515,0.2517525494162567,0.5874003087648202,0.5467761775668688,0.8066061421303684,0.23611760560580386,0.9123617421814895,0.595887673381883,0.40942669290597766
0.5865082307519562,0.4136483644025676,0.4902936756397347,0.46872475206248576,0.1057931160483947,0.224256933371642,0.12276086140320219,0.0813745796530525,0.42308581566161285,0.6131798635718777,0.116918815002505,0.8810718547083268,0.44306441021296306,0.10972130745950037,0.31755383762350886,0.35873352806675296,0.39891454392061676,0.28414832682012714,0.41334995016687837,0.15479936423961138,0.02381889829954431,0.4547269641941931,0.3754572596982848,0.5314739788245412,0.2631428677051828,0.34998226893121265,0.5681194124872314,0.8823612910706753,0.6379425490944566,0.5450606872078325,0.8416933594837601,0.31760813652447684,0.8401479101254741,0.31236172190609757,0.6537462621198551,0.07458752082955389,0.39075048557228687,0.37914546295630946,0.2805157397202219,0.747315805006758,0.2245514104121431,0.9686111570221584,0.4788719072512184,0.10221306778630979,0.878502326872923,0.41598137929657675,0.5380199275052585,0.5534786688426324,0.5553982700742296,0.5974151293711917,0.520534992691878,0.20826921275146604,0.7106579383488041,0.38711256423905405,0.633921543001618,0.7600297234388264,0.9671537733681669,0.3667629272977486,0.09674160603007143,0.4077426113571484,0.10153032798645656,0.05152624799379257,0.5674576342474665,0.4095238148728718,0.5651762147940261,0.9680286171928837
0.189487151287551,0.8409087603820542,0.503991790481742,0.022390050055484112,0.5725681929759181,0.62133550761974,0.5233205524733346,0.7300923413818893,0.5783860947338866,0.8967460495938836,0.5078894933805006,0.04453419284414195,0.6075133054540726,0.4218909192879944,0.6513298871798211,0.7174096097383907,0.19506605946166433,0.6728366601104804,0.4758266140145976,0.35158425935880333,0.11408294579785339,0.03833913702884584,0.029670631746584353,0.5659344353127952,0.8584820635968795,0.5881603951922878,0.6389658102409227,0.9816512932186238,0.3315550520373982,0.5970701751112866,0.5594679843565252,0.0608028683429509,0.8013076395172675,0.21518802484233102,0.6255105451174837,0.18048520872600426,0.7005584826073588,0.4184851404807508,0.5251974586808267,0.7096828161879153,0.6475586960080991,0.6476800289606548,0.6445211155793701,0.2709978548407048,0.1419970672315699,0.3494251858148676,0.5177892408345162,0.8156968451137198,0.7516066744636694,0.9705971937695609,0.7977212554260127,0.6180619316675815,0.24619082088522348,0.8246653713791702,0.3158013570818923,0.8038238738237695,0.05873707713084142,0.6485294007419877,0.2419519466156823,0.5674920362916795,0.6573907657720025,0.5988797246236859,0.5723178783684676,0.8046861640901255,0.8974095534244272,0.8990485188569922

0.17492298039107881,0.48810897599663483,0.18881841413612568,0.34047861786123235,0.4052233234641083,0.7496225770207873,0.3633709193719541,0.36738690236541804,0.8669499436346756,0.29582433927748764,0.45341689161012877,0.5287555559525549,0.2385404387899787,0.48098536290909744,0.20580787568452721,0.66887826747856,0.21125542252498522,0.08857474303214424,0.045393093871434795,0.34567238725838045,0.4924103351264594,0.6314896739416118,0.37561894574936894,0.61549044739016,0.5155936695292482,0.7711142722806772,0.5578096206650035,0.5037923156764215,0.96947431105983,0.27662441483744216,0.646064208099221,0.19295856339783327,0.5077776375670721,0.7984949107717602,0.9713059619169254,0.20168945135639618,0.03523593358331216,0.6139542539903022,0.9658724862157306,0.6048483425030835,0.7777957736149161,0.4171716101681511,0.1991356325253896,0.6482722602318933,0.9400913436860473
