+-----------------------------------------------------------+
|  this file contains a neural network. do not alter data.  |
|                last modified on 10.06.2020                |
+-----------------------------------------------------------+

each line contains all weights from one neuron separated by comma.
the last value represents the bias for that neuron.
there will be an empty line after all hidden neurons, before the output
neurons start.

learnrate = 0.1
# input neurons = 65
# hidden neurons = 44
# output neurons = 1

0.839027231969007,0.4371645621508923,0.12381740274006592,0.32872459557143163,0.13549764368841022,0.9689133233261429,0.4930442593434381,0.6998826244451939,0.7636275279592003,0.7516288947193238,0.1676998379349155,0.05021960643393886,0.04776023700669002,0.6919522187981928,0.2656409133041818,0.8972494756833355,0.8157388203917575,0.9275780013368633,0.11430379497085541,0.6609461803168472,0.12132377918829274,0.5080372080670708,0.4734792539088486,0.7963336563879987,0.5339526347811914,0.0413885768269564,0.9055834999433263,0.003511363715726624,0.7940895416216428,0.6385146628891695,0.2620841218907545,0.9898770445358327,0.0747962053713288,0.43691321906193403,0.5252467313325694,0.162629527114024,0.4387877107024126,0.0923202941742638,0.9211266571255666,0.1892036286458565,0.33512041019834926,0.8891965248242496,0.3027376498550711,0.5791103440350016,0.14079113855784076,0.5400530522766709,0.2915869331707578,0.31272544069713615,0.8199100056496097,0.3187897509189067,0.5612746323228872,0.07089011663777989,0.7467423649897333,0.9046628315173427,0.9486123854668688,0.8037572687872432,0.6187974343296846,0.20119454180726926,0.785724659862591,0.21813790378273423,0.17227469455403654,0.4382833612751552,0.9608534512921785,0.2596717860776866,0.10456161787821228,0.06596751026720682
0.7360953378263667,0.8194674789908222,0.2071088764243434,0.3047411332064194,0.2770572622609573,0.7044263936014094,0.2168927775767313,0.7300165374449277,0.18242573287532327,0.37628673066474305,0.3058063869895663,0.9372720970895162,0.040701112970683295,0.08649272056028257,0.44470462733148686,0.15962042228061146,0.18685764785437364,0.8123152563691817,0.10246084050183202,0.6909767886301318,0.38344655403082206,0.8342203255732195,0.8702752128457709,0.10570273931444485,0.10866803649019396,0.8853017858596516,0.6376085649613855,0.5595458824513508,0.49819566168347396,0.5506656095393077,0.8884975105814045,0.9068914081333915,0.758044230262122,0.9979725795477273,0.5356397121379974,0.9757866920734178,0.042530503624888305,0.17991746121387653,0.4645213509364814,0.10489528793654723,0.37438316337322586,0.3652420273072222,0.6209910357017931,0.9654823642246629,0.1733173011315009,0.22695063876274757,0.043067488597851034,0.7667285778376953,0.3548955760651601,0.7447166017715591,0.7114016691775982,0.17411472885434054,0.7632562548789195,0.8630382518828756,0.47269537710606546,0.6583150590536204,0.9092968361218544,0.18752374116665693,0.5765132537065153,0.535982276575126,0.6001584377239702,0.9987545191261968,0.5583057909709255,0.6640025944542042,0.06636535154115852,0.5164964060889454
0.3000954111110665,0.6052443664201974,0.6197310273630774,0.6565992917227796,0.10515962134620793,0.09651972059650071,0.708149893842898,0.4887450716100087,0.5341780755901935,0.8184228748473488,0.47265217022889894,0.22527513833491508,0.5676939362438337,0.7919053808664173,0.5576070656747194,0.84964804034727,0.38337160770200407,0.20789275403877527,0.9767164295094166,0.42764877341238205,0.6664167444665554,0.13394300165760586,0.29545037417653086,0.7352915627600725,0.9076564922201562,0.3358924942491185,0.254832517558372,0.08442762937530524,0.5861615287221604,0.4026301619079842,0.23199174749664353,0.13039083610121016,0.481923164780247,0.46858592111863395,0.6096541409166986,0.005583111084044515,0.6189829978154561,0.09121527218639877,0.20975711549687215,0.3387232566134054,0.5005438370707345,0.2597064641018447,0.43562552794088727,0.5915516534786822,0.36497508522314626,0.08633243347732664,0.6626571328933998,0.6731050786039174,0.16525710895484447,0.4633152456515546,0.7192227478941122,0.9762448416177055,0.8542927393402678,0.855765392521397,0.0074943355404318915,0.8219428626512983,0.34464701663350716,0.44520417745070384,0.9281719171895261,0.7938999055009921,0.20365828803694863,0.038372590363320414,0.793587933523972,0.5993907827925038,0.7434974236725855,0.5124752741951942
0.34042594553976135,0.9018017497575807,0.6706342448948711,0.0807036778225424,0.28629761017879285,0.03614521525236081,0.8703032170340474,0.3308275445442822,0.11368067716011554,0.6409078648505044,0.21894326905525952,0.8148394994429957,0.41022742324871164,0.01790777355165707,0.5412194453880852,0.9490826509536012,0.6462118793415917,0.4664073067036608,0.9581167822476615,0.12198627300324805,0.22789112658808897,0.9285480102761658,0.9087297518459416,0.2004805285821779,0.029814260336918696,0.030244918366248902,0.07075342600857093,0.07635549549242382,0.37962024499933544,0.004997097218243845,0.25331521054659745,0.5002763618196993,0.645623815962712,0.04764233024630704,0.09066881222043288,0.21386071258704475,0.16049602896898207,0.3609037306637949,0.026405073168525167,0.30917003563819245,0.20360468808540022,0.5296465330267982,0.6452172395567043,0.8201624673214819,0.16008651160144305,0.886083488510982,0.8828902396896771,0.7820992876473735,0.7764819311372019,0.21373783609316288,0.02506756967201304,0.3825926540554693,0.6407701934697144,0.47879288786330854,0.6914812379041168,0.3719280492305357,0.6289011450381055,0.2745278467306951,0.19471345265489248,0.6004894091604885,0.08042711508195466,0.3178593478245729,0.7611914876766678,0.40756088049771566,0.8925965908247367,0.646579232998442
0.1069999542955381,0.5984740274013594,0.5552791543124328,0.13169846462698342,0.7722274447521734,0.9160150160887076,0.38834873716558294,0.541378337737249,0.4349475100931792,0.23720100798279498,0.8886602736189003,0.6712496987543917,0.14956660877485528,0.2079811982693458,0.14551263754041788,0.9904917000462348,0.08415441270933133,0.6661123254946757,0.7414982972349695,0.8438616622630195,0.8675048957900336,0.9964044314932062,0.4198984072959203,0.4969380323896456,0.09905924414170542,0.5127276223403799,0.07028936263673202,0.21515859864207032,0.9234544155469647,0.06761614706231789,0.2607849987080926,0.12680681495144286,0.8263443381418387,0.3530010700297771,0.6283463085539877,0.8359188185975689,0.9692729520964889,0.7745487206572815,0.9278483722750699,0.6231546130066444,0.4487617083235953,0.35727645484691284,0.43610206847936706,0.6009967524312492,0.8384065683724098,0.8715639302725193,0.7087856865968037,0.3742105321780358,0.2526625215720628,0.25637173425639015,0.39624985922869604,0.597319657620118,0.9571263572116049,0.4604263192697906,0.938416449003751,0.3179220322914813,0.24251142415442373,0.022324001120095582,0.47950057053951844,0.14799027762272043,0.8781406479092825,0.06695288073691374,0.27004183952377503,0.11487224821378705,0.9656670613949591,0.9083267056173898
0.15673956914749698,0.5095267359768902,0.42486401131398976,0.11787015458412542,0.49984390236875664,0.1716002384316413,0.660709807680748,0.7423896772663623,0.0033632319473878777,0.4292708349962969,0.1846242902286136,0.33741035446931855,0.4951051547988984,0.346355257399237,0.09259829347293147,0.6192536993345411,0.6515772202176618,0.019996140435428855,0.33908873768974956,0.8331771471475448,0.02703050951296703,0.4193162714848475,0.687935724053051,0.385090797596642,0.5164373297136295,0.6587469539002041,0.07019073522446495,0.8908130508012002,0.558952438215444,0.659308343679399,0.8336271659070797,0.559521227456911,0.971414180502392,0.8669394876510773,0.029838301776429155,0.7469991128532026,0.2907006706892241,0.06904644227868617,0.4522095203915416,0.5894787609297171,0.8992632192592842,0.3787566190845566,0.6116854825688636,0.8603184687004947,0.00991761862046571,0.14093875564497516,0.21713473860551047,0.5794553550758071,0.7939810875674753,0.854867144812106,0.013247958864143136,0.4495149244608876,0.5511010470894249,0.20547994006058345,0.021288142140154814,0.8926564231445929,0.8396295833204194,0.9485011420290187,0.32664433028914686,0.3186776694849355,0.9131548041319418,0.7042663009796141,0.562022902212873,0.2675979599485492,0.6418087876968264,0.6809125737529296
0.14624389672305915,0.23888380312312196,0.3362292894689447,0.9696635666181652,0.15599159277400465,0.34467690189650235,0.537560055622493,0.3332601889044605,0.431502596043412,0.4058292513320454,0.8886326557660191,0.34315879729042764,0.14705661137379789,0.7472458301859195,0.659480642933164,0.3119382407247572,0.6132681484369086,0.7429800513892406,0.36459403018132164,0.7144277551072716,0.5205604631952516,0.11172334396946781,0.17983095871383104,0.6943881530638184,0.18183558778388975,0.06977461560412013,0.5436600864405587,0.8131486583061398,0.587236980004249,0.7112713118855745,0.41041579161385977,0.4124224061040672,0.24503468072118373,0.4044087960622943,0.11250612601898835,0.8355939049600666,0.8500450428994669,0.5675702443533953,0.6840205209352284,0.2800917737155846,0.7946302854826182,0.9207344285412693,0.7999430371627632,0.2380308325799595,0.41720591825427933,0.19522410800998014,0.19318402584397298,0.3231274252295314,0.6693168206657003,0.32880318504678063,0.525901208389019,0.7789628070412473,0.5747253654100103,0.3733258019940192,0.21208905847293114,0.11698888986718847,0.4525884215193873,0.6985864055475467,0.6151727871357638,0.14224193927903794,0.3816819312244353,0.5887143864403895,0.3773516224647909,0.09054921252774029,0.7937656942831254,0.9964027459171949
0.3766934419656778,0.7230845364586322,0.4015626277063433,0.04545563330414737,0.9534905917638373,0.0024486198583689722,0.8904605790884613,0.8535842908203805,0.5991451040438489,0.4090206972789593,0.9329271164806006,0.3850769222600222,0.2588585977748127,0.04714789825184712,0.12076026902360726,0.33691298900722333,0.7636604874042897,0.43780936024296446,0.3526818723802493,0.5120877023278156,0.6778157250700866,0.29771263104756496,0.06341180797340429,0.7403580699943731,0.024411121470088393,0.6643495806352149,0.4352454277367548,0.16931686187782147,0.9349271100182225,0.442359832830001,0.39428832139386094,0.667646260705682,0.25785981610315445,0.818620097786205,0.7608859536257421,0.15759844395771605,0.5569656481131996,0.0217977614147588,0.39741827340526725,0.9251955272467065,0.7314590263731336,0.5866776181222505,0.5765123755088368,0.34433641635708145,0.698501210036311,0.6243907822940775,0.07885887340636444,0.9949439316946431,0.19257617498313484,0.5967456148034423,0.7222006166131364,0.8554803421799264,0.7568574742567027,0.7461798643080463,0.1216951987867142,0.10660491606009204,0.42842732478150247,0.6424246876975274,0.48673560603615096,0.09544287836131049,0.4522177397145315,0.27279048436543885,0.1704457322467009,0.17887971665314262,0.5978004183054334,0.7250556364760813
0.5054509499667724,0.48949043246223,0.2986608344944892,0.7902588854631702,0.18315619877874068,0.14915900438542817,0.8853491711008139,0.7472668207479003,0.06364706676705378,0.09313806085827037,0.6419085643545885,0.18180815903192227,0.839462395596726,0.46124423752562815,0.2792393645858783,0.9397366651524338,0.4188691354932387,0.4630803205549573,0.6895656764391376,0.2176051506551444,0.24290366821194875,0.7306203375178064,0.5229279922370033,0.3532028970139429,0.005326288921172706,0.43418873184169127,0.20963398328389005,0.09452966438967647,0.40576810501880844,0.8568109880216558,0.5418572796484303,0.9977494082950275,0.6337331561615798,0.6971074376853426,0.8230813767478004,0.13298706354379497,0.2547505916584254,0.10234765258212741,0.8958443991022577,0.46140249847076664,0.04985491306678491,0.3209784694563578,0.0662475025330157,0.08779561799449243,0.1457052643635961,0.9078834686474526,0.05794817379291817,0.090067149527439,0.4650372161505889,0.6158273338855075,0.6488669833214044,0.7801798331711013,0.1257734083984089,0.462983689492791,0.5705942884568308,0.060835123721879936,0.9220024213680195,0.9791407382559552,0.5834916526014936,0.0079008825810577,0.43116797538648366,0.3021234204303379,0.379739725041654,0.9306956757194047,0.6091929553320129,0.6211673879513122
0.1120928769571834,0.9405556419720086,0.9588963400158694,0.44542417990139316,0.8978583064951653,0.492680546762601,0.48694333670939005,0.31347314563854134,0.6056253313980684,0.45707527060798214,0.7007019689229955,0.853660559570558,0.5965281356754278,0.02147415716916301,0.8387622290832698,0.555281855340409,0.8623335174585292,0.13245493689859644,0.37750685311953236,0.21706805979271604,0.1794023691181036,0.24052044669683093,0.6110053450876723,0.8021330550518985,0.48058211913770565,0.8307455243057078,0.7626355965391224,0.34748342922791764,0.6363445416792295,0.5926575289538365,0.654220963324705,0.6513879094060547,0.23199160893494053,0.11133902328387324,0.4321023593118043,0.6933489470132447,0.729509677789351,0.6463113756283781,0.22944887009244497,0.1291143498333407,0.6106601331599827,0.9055784690787373,0.9302422887136914,0.7471114932891427,0.7121524287303231,0.7192799733534598,0.3927543461222498,0.47288314599200176,0.9842533050552033,0.17072392970077765,0.5889681957407226,0.36454801775056733,0.33094368755040793,0.05213884843146921,0.12127800273150036,0.05500550708115054,0.022742748350724318,0.47830559016403185,0.4889341031005042,0.26554851275449964,0.4125764218509056,0.11329969282991403,0.29408327399468703,0.3407442304049574,0.3305748932287068,0.7438954447541561
0.30088684416618305,0.23588781000904147,0.5854426603615087,0.8677527706458784,0.8910823320019543,0.026028913528463454,0.45805106847521526,0.5553286211130489,0.9954866373226441,0.7995171807748364,0.9371622615772894,0.09152494947356749,0.023321970649395146,0.7492069116784847,0.7177005183667339,0.8064055571428381,0.6598784918921625,0.3809075579574619,0.6587451853923902,0.06388409193972944,0.6579104280404979,0.021361355698939932,0.48142711291080564,0.5931065839652135,0.9092950306848694,0.22697494965735265,0.9761681388786864,0.21932135237390427,0.1508668760107904,0.2697270521251268,0.8842113412271169,0.5793498743985308,0.6319726247398803,0.6081197814242378,0.9201471506167135,0.5913426522284422,0.9511742145604468,0.13873596413245837,0.1101487098881323,0.2893240054609889,0.055661419818024416,0.0679112202760862,0.7348871257110344,0.13010033323238956,0.08931691908988548,0.44322323283625187,0.6866057965010661,0.033426652388334255,0.37401112375695234,0.7409478251136797,0.9765897854345694,0.2258964571063501,0.3135849316634226,0.4183251509005357,0.462275314885941,0.4248403315629701,0.42111343872265483,0.00842563681660835,0.6025009970891502,0.02058897339990262,0.9874248579840975,0.16060026147816353,0.19491120941869433,0.6937767338959142,0.13248245394896674,0.010945038905987992
0.601279109913641,0.33893191931441946,0.11111999375409565,0.4049049168469857,0.9245253078765582,0.2564206671865623,0.7807542321873318,0.7880877534456797,0.9654651732113356,0.32188100851976464,0.08107992039472911,0.031554275991459046,0.5578265860491841,0.245604968344182,0.22438707491603238,0.06429493191148983,0.056836574704251186,0.09389566274579708,0.050021442811713834,0.9483004709853481,0.33968435508624084,0.960247713866868,0.6576433497998492,0.950577885767576,0.6654250738764385,0.04626909618401476,0.001321788769549994,0.24165877654648094,0.1373967071274006,0.4405827740376812,0.6001343144444794,0.0815926482466407,0.3129808538005765,0.5685172816076625,0.9008254058337876,0.7421130449216417,0.713545173997808,0.6262150777895044,0.1142092875039088,0.9576092601154561,0.6016634732430319,0.3098583602597711,0.5393857072957746,0.3977321479264738,0.4132174213208808,0.8040319584793147,0.4884702227323169,0.510907780630694,0.6587411409096251,0.302813584451637,0.9294228845510791,0.10072787526521754,0.9413784332225275,0.30300158195821203,0.8756929840595282,0.16613132718875523,0.978079484129207,0.5309611388499588,0.36877898147861465,0.8614863364032852,0.15617227075464235,0.642889849495341,0.6234368022382147,0.9141283119950623,0.20920136051977833,0.7728739815539801
0.5351518172141576,0.47460354607619915,0.05393495607409082,0.5939270973251146,0.28562271189894917,0.16881439381816188,0.694698355942784,0.8042730434999873,0.22438851583886343,0.07145674151175962,0.3717002450727913,0.8544555755064882,0.5533626209062116,0.4265858884089876,0.8067759270571472,0.2904270836945315,0.5959203636494403,0.20384255108099536,0.4829791909737089,0.30358943805837524,0.5933201313297758,0.9978155656974778,0.3837128243950424,0.9508302335434798,0.03861985956017144,0.35321340587535976,0.5125949105924299,0.03591775682441206,0.5318843391964653,0.3299623011084213,0.8170165529778981,0.8281886987030793,0.020361458191211712,0.010043157621102972,0.8463538965359217,0.6352826568317214,0.07343775450269074,0.6918257556801062,0.5900556629300383,0.7437478683263784,0.5345672609425616,0.7178534954753576,0.46133474235661553,0.3946631824970316,0.4909998890899411,0.2384772163938189,0.3189504856739901,0.2709908751286293,0.007018591067768247,0.7264322817819816,0.75257609342158,0.4391963885324157,0.4775274381887654,0.7263981369437617,0.5965033537973251,0.8097400129805751,0.7762151852404378,0.14877489948759648,0.7819445786450545,0.9593670172966954,0.5961525357372128,0.39835720464368185,0.18994973379128177,0.5926923743840334,0.5105628428828931,0.7662800525153224
0.1249642605504635,0.011396683548275943,0.31764025560350706,0.8075577052036571,0.39331118393957043,0.7064205432752528,0.1756709307061497,0.8767312392021028,0.7413886205916369,0.5918641586151018,0.883346472816101,0.6005859282292371,0.5851318411777097,0.45887024810237564,0.4150411570702236,0.8295951198065076,0.545296739523753,0.9435878758164273,0.48195766748737123,0.5286922286418614,0.2923794015902279,0.6753854890224434,0.45742852917745525,0.14316801189998385,0.6004943607102262,0.2998017511312263,0.4782934952510517,0.20693571932734156,0.3112917403489116,0.7552929049460407,0.9141559453288731,0.3481016641955469,0.11700154490007109,0.5236558496592452,0.6824538028536621,0.39072423122647204,0.6859508424113484,0.5710765110383969,0.07966389388660533,0.9518399948840804,0.6744079525722703,0.35007299976918593,0.8975909803411924,0.7892802405131222,0.5953648107339233,0.5421739846830333,0.5985758394889086,0.1684973018308087,0.34787713172685497,0.18699249052659206,0.23458912731273351,0.6855645412935462,0.44983960051669136,0.4654257565573642,0.6125613563294283,0.3087100073742285,0.6625808364445256,0.6830323789256693,0.9319311405121219,0.8821885347512399,0.7474213729720922,0.9342080776150077,0.7502776719734828,0.9739924826005313,0.5523448371767299,0.5186014009904442
0.6690352077004091,0.7428467261535007,0.49119108008242185,0.42828175860859663,0.5736711666520772,0.45012876922752143,0.7482874789526077,0.12749187222682612,0.6113414805602674,0.34880023441524644,0.2181922403033365,0.4063871040267456,0.34391990114184856,0.9441310040116898,0.27323205353359725,0.3059848305094187,0.6754308938852976,0.03994307662778773,0.9407732714943725,0.9836168789073891,0.22029854760993284,0.5592961023412437,0.9676744577996507,0.9164985784216998,0.7524565264038464,0.8599820696149777,0.5511256462427743,0.025598359801903725,0.25524699700390785,0.15289184262629618,0.2230871521692912,0.14281194388113172,0.8781696405291529,0.675261745757555,0.48979916875004426,0.7415156596643037,0.798923771752064,0.47100340787243244,0.3483408691820602,0.003893556534254213,0.5878208028510248,0.9867656243916274,0.7289753776225653,0.1080036388784823,0.17652542057464293,0.20507217474219497,0.2450252869107833,0.08336824499266804,0.944218113027789,0.7048249901480657,0.37128067945564647,0.705944703853955,0.7516535976766826,0.8646572624552695,0.317449782282782,0.6816519625577224,0.9772230978231337,0.40606631833977436,0.4149201502668607,0.802199634332821,0.7390104593205417,0.6109517287021181,0.79310568018577,0.8477863095741054,0.5229660675176013,0.8421289234657984
0.48591348067268825,0.758303703297728,0.37970402804422365,0.44558439440267605,0.8793711504316711,0.9980042466616972,0.7010618862617249,0.7196836508012973,0.5882141900365196,0.0981595658456701,0.34244465627715176,0.399238342209874,0.4322400116591697,0.07805773112380543,0.5181074095309921,0.02128431296961672,0.17249338126221114,0.8167576673504245,0.46391399472899997,0.6146178983671031,0.06285581328665024,0.4763389539127211,0.33574208507487546,0.3865827002583677,0.07436926524092902,0.7619561007279522,0.19158730444377248,0.46829470229760106,0.8576321578529227,0.14482634821166573,0.19155257274185666,0.32343872398557505,0.12286380544686948,0.1713504632473346,0.34229082749243633,0.12596462191116808,0.13774088550408792,0.6348863664111087,0.21110304236761446,0.26845684177370377,0.46986764086753774,0.6962655152105777,0.03977525080682287,0.17564645496277254,0.933749106782646,0.004962656511766443,0.5993720922710503,0.7664798710574838,0.9413945330290782,0.49489957173057986,0.9445864260974937,0.23335385058663793,0.10118630483397295,0.8071836386007682,0.9498777395703468,0.2885717789917963,0.9614066039556635,0.22665304704697853,0.13951491577861497,0.6657715388637195,0.2528231305984749,0.609919672851008,0.8597715523455547,0.4580202598967992,0.8489917248566884,0.029672198153985516
0.28390508110108537,0.8244672629811071,0.9334426151727137,0.7633212924431237,0.08918332832659204,0.7038907940844786,0.5396740443316402,0.8136396195410328,0.9001056189654698,0.43617063770673714,0.7128853775533839,0.36486967855420027,0.7530975556172379,0.6116630457142542,0.031639201164798514,0.4498424270399408,0.9053422397425085,0.04365010521760926,0.12315008703893127,0.6319705209005557,0.28404275085413233,0.490481193479001,0.10765527895715055,0.6905496697406001,0.7522940661375588,0.6417191580716349,0.6153303507174529,0.1386225834575514,0.15387517196892164,0.9265491274282376,0.13347088983255295,0.8997298496426327,0.7916548257535114,0.9029035570135728,0.962169047776704,0.6231922865243543,0.592937813970009,0.342202076080217,0.9834713194057648,0.9271403338338676,0.719960229875426,0.6373000816948616,0.7820119937566851,0.3243254106112078,0.7948764766152322,0.8301855633877916,0.39437463242626414,0.7078192812561586,0.22596259764921678,0.3811585788084505,0.10994139625203414,0.05202729937773182,0.3453934162791419,0.7826733557674758,0.29774814377502734,0.41901185266087226,0.19883428295131322,0.25871841949893737,0.19187091772175524,0.4509428400923111,0.8632205129760909,0.08455517189459139,0.9321272511052975,0.27656177311103936,0.11148074917541151,0.5118306313095878
0.9273834698071769,0.1628672922044685,0.09159293505633159,0.8905259425316949,0.7855173674549756,0.3027992331556928,0.4422449609388692,0.34189675055622937,0.6370927462568204,0.84551936850004,0.9285042847449634,0.25550736981383704,0.6690606615545736,0.6479569649079476,0.24828393028227302,0.9586560367908453,0.08031010907612102,0.25460775282354886,0.1340250645962442,0.13793332880639275,0.47264818656737295,0.2971450837743628,0.25389907896394426,0.9803519290247283,0.8987978392214031,0.8462223908121885,0.7029650983368227,0.5454303438821849,0.4032595148719086,0.24491654054681233,0.06710132144984171,0.5798092857485729,0.9123899805565665,0.6065816557838586,0.14116172331043264,0.8424242287154592,0.756810363005933,0.4694538556299551,0.3876923442060748,0.02095329378855973,0.9422622977272519,0.06616673372673243,0.13367432083668485,0.4892043836069909,0.5242898996443203,0.28840900297314476,0.3201431565344204,0.4803017937952887,0.08763216200125101,0.7052745756621487,0.3431673076238331,0.7319766664551477,0.38296879430097863,0.9284271378495409,0.15455135229794115,0.2979618222953754,0.6316701095828171,0.20802033574432477,0.326762012048309,0.013436503388124854,0.8734593792746381,0.3903857600965086,0.22895823908238266,0.052661812983456346,0.0024039110830570733,0.27182102449782186
0.8096391941688104,0.12339310350943455,0.8134090054405413,0.9423804322452892,0.7363069388250861,0.10535080221113158,0.46439660614964673,0.9293911843811956,0.8036732402199074,0.3589763306985988,0.24860817934450674,0.8224883525140753,0.5893230265654891,0.5058956113438067,0.4669797810722265,0.5902820818046495,0.3093794276337466,0.2139571201627658,0.4922941232026429,0.9833409548750318,0.7065986553564935,0.4074075958811868,0.8248231637336709,0.25899559433223884,0.5894553019684114,0.36671322390776906,0.05343181515159884,0.9605369633422198,0.3331616648664669,0.3827298843067213,0.1566219695796388,0.6367041420485581,0.25219769383482826,0.9863709262964951,0.5047529500512508,0.1969268258476098,0.2588106164979389,0.2876166408348687,0.2576831568696939,0.06360763855394791,0.6330763279575541,0.6266545663478216,0.5913347494821702,0.40480023197268755,0.04749745406467043,0.5651354347089048,0.3321918343419691,0.5089591061398442,0.2127455904735771,0.22697457498839257,0.13049937063341155,0.7980074650105312,0.6410384991082587,0.1358239137487175,0.2609391263377294,0.0657898450745138,0.059775253752271995,0.9902855731204696,0.5038154595180613,0.27604629049835583,0.95043554861976,0.268132214877814,0.33029272905145834,0.6573656310467172,0.5363820790052949,0.1572460211195137
0.7919830230495702,0.8921452405094699,0.2980878679536464,0.07368230217496508,0.09819130314619329,0.9124051516899873,0.7554427750997688,0.9462099168640121,0.8533826844036744,0.18737495609925714,0.8241767914709494,0.5218753133684512,0.3229441283574165,0.4160917757197985,0.5270702261922906,0.17858274977081157,0.8970710643179814,0.222818370464424,0.2205037017881969,0.11837850327151289,0.13061718368360975,0.7939102006270099,0.7830337871656432,0.3590720299947435,0.3510028890462068,0.3918313693375316,0.40506297630569776,0.6420225423803876,0.8467868493620461,0.33533884220880805,0.7173051644967255,0.23036446932855215,0.07626151240603896,0.3444250623570392,6.311382021148838E-4,0.5846410801772995,0.16844258007208146,0.11442966775203522,0.1310109722153937,0.07176038994274614,0.22807910037253154,0.6058007133042607,0.7306531686701736,0.18838307062332615,0.6018197383203592,0.8143063737010713,0.7200733239453401,0.26129709515745625,0.31442743017595887,0.7210689472231534,0.09570761225127011,0.2250297767385263,0.3419437957282314,0.712612140138723,0.2938196476813908,0.8708921677002008,0.25296088603876743,0.008184185371750918,0.9438314542643672,0.9118473169486373,0.019667381819386237,0.53493863031528,0.16284294280609368,0.3140380514100768,0.47709265622290054,0.25112568026590665
0.7979860968395365,0.6085060665702753,0.9919810230479195,0.13326692378246063,0.18439388183372174,0.3155790979936298,0.39198557190525174,0.9153563925320661,0.05394580757129075,0.18959821655004427,0.10137928236857563,0.1964520585828955,0.20358574559581277,0.7231026059441963,0.7312386744670009,0.7175909095767293,0.41188960164293176,0.23728487003356402,0.08006310503786307,0.44978231078087494,0.8786938103579244,0.9294745636734728,0.6150508250806979,0.6319037757508172,0.15497823769848462,0.44860356912334287,0.024760103350387336,0.05064420887948495,0.12882995955055476,0.9260518553183806,0.3606427188499415,0.6642093364628362,0.13819702708496573,0.9019678036509514,0.6179434740515815,0.13732508922327102,0.6922742950372921,0.25610202096675083,0.3457183417203933,0.9771444281657731,0.6007462781902788,0.0773897594637909,0.021231303624341058,0.7379837653752384,0.5337445429555753,0.3879615475424327,0.4757472696375984,0.1973851891346996,0.16526017274672034,0.7749572843608182,0.6167472457164308,0.4968212143485453,0.08888475338946322,0.27746454951886235,0.05584894507557531,0.9874291210074722,0.6371355900663981,0.326096694206758,0.022223886293405437,0.9244819495736628,0.5842545881026764,0.13917233139435947,0.11806048684452464,0.21387384761966033,0.46725204125213826,0.742152240961808
0.055629862402142904,0.12971776745310137,0.9211002113113408,0.6959357730640696,0.5047687436080043,0.29422357445121405,0.9913639089678786,0.6948139620279064,0.575102522279829,0.23934500668501235,0.861188204332223,0.4263213354488271,0.25908831832068546,0.5542547323870827,0.8094463857626211,0.47292478461400267,0.36996659610053384,0.9635262100688055,0.5029837651065057,0.5794320390497185,0.12296668429848512,0.6779719508884873,0.9182761799516734,0.31019829936761967,0.528620847651381,0.013408140025312543,0.2864543522607842,0.9766548458766977,0.19379747086469856,0.582185493934458,0.46052846372464507,0.7283784119850973,0.9590735804058615,0.3281467470495735,0.014780087696344674,0.8698655666283374,0.040323390284579375,0.29774168332244944,0.20367103642668094,0.7903722200378519,0.987908120840995,0.3183505877736077,0.631252113341609,0.3756223586564862,0.8286098767861559,0.6894373469197272,0.11193715374076119,0.4078871674027097,0.2134600501763344,0.5829741637264453,0.7396402994940691,0.25487936035796965,0.2588709754012801,0.09664951018153378,0.6246583327584908,0.0981039800967739,0.03898688969315933,0.8066919095643745,0.10631123832297418,0.05775170036993804,0.36392827633146596,0.22671180822441894,0.5042381435586467,0.8339163232097164,0.5616117378149786,0.7947846973164361
0.6323781514767576,0.9028628379019276,0.47008455989903186,0.8830686361913782,0.36704828871971484,0.8822687811586364,0.7428221823219295,0.852569593854716,0.5341637434681231,0.4108057324001514,0.8711931772081898,0.3602384915133957,0.2605285417154448,0.7751241075623566,0.03630553118091645,0.9664043239556362,0.7202572608343247,0.5612491058695104,0.01670457173017742,0.5876174301525754,0.8997713902221907,0.8075911599111074,0.8989017823113509,0.49329790528009654,0.6034470098915714,0.49321985582420946,0.2644709153515682,0.354154365982818,0.4268726948147836,0.7077447873865603,0.8604555023833245,0.3161581666300154,0.8358097764775131,0.518093187527272,0.49909055347686215,0.1959290231236741,0.806329991323721,0.3726687056572031,0.07834784892571856,0.6717080081469331,0.7052379599130968,0.8648211883980652,0.1665730471467558,0.7786640845235193,0.2197691290625403,0.815252948015809,0.5524900767077617,0.1081012022685286,0.18168626236064334,0.9269318081191857,0.5261062907210736,0.8572025026548478,0.07328092509004924,0.7162769191273971,0.426559666350244,0.2792692251469101,0.8514185276211828,0.03082872133142256,0.16970705152521126,0.14398165774915384,0.4806489068574532,0.2263091415113726,0.05126043834749927,0.5330302686467555,0.22753671284253651,0.9949241036432591
0.11053590964568538,0.6685350534676733,0.3357493989282383,0.9119555034270249,0.7353877676919782,0.4999916918524525,0.17507243063547717,0.9991348353693179,0.9906581256643182,0.46005334688246935,0.33740519692176796,0.9909865688748497,0.3604802849625246,0.14027724814544673,0.4389230226312244,0.5342739017626178,0.2090314826990195,0.635035529923637,0.5799741822998579,0.2508757222018928,0.28483923238827447,0.9551101607309017,0.5129130717661969,0.4508680349516603,0.02050240971180506,0.2220618277259876,0.5729539920318295,0.29527916120054365,0.21269673070135275,0.32028352450025444,0.33826248603219233,0.37693289583686784,0.9065917477393256,0.3057192729000816,0.8028840337997465,0.012989086372992148,0.9543142856819193,0.1485490835912927,0.5697428314259514,0.02423695239862958,0.7688512750418438,0.3217115729912091,0.20082618754080994,0.4138910362449224,0.2527925721279297,0.3379557514539615,0.397802691377381,0.1525854510463709,0.7455721761208849,0.5851840749778512,0.1287053310374472,0.22645731516623158,0.1033740993642347,0.7131690206410357,0.16494356468715243,0.2116556146585319,0.702627026728156,0.3842955370467672,0.7477908991158065,0.901306847488612,0.2410196260357078,0.41680270997358915,0.26462760612575253,0.9299143645205866,0.6992261394553043,0.22106749412845483
0.8826009995784558,0.9153635047631467,0.7220398619018852,0.9577940857803082,0.060998249520465064,0.3701498759038284,0.9793697887604191,0.031542981623061794,0.7435099445743618,0.5211436872375625,0.775563522050276,0.37385364533356236,0.8176950298770981,0.22114801590053534,0.28977749484184157,0.46728534949978706,0.12134073470673323,0.33570453253224997,0.35062310211668646,0.21502095150426725,0.8740440349637377,0.34504521706048574,0.5750755948861807,0.5702487407680601,0.9172236872051387,0.41378413767522104,0.034639598838682006,0.3053576225114629,0.5569050153720486,0.8498887133685817,0.35102431842988735,0.4230514962981987,0.12100232757225726,0.6996647990173214,0.26908732326774487,0.4898088100292405,0.5664564252131549,0.20693572604660826,0.3065657814703112,0.6066835077493501,0.601468013442957,0.002290650432912683,0.03812016214884972,0.8232643085843441,0.8241998776166684,0.18222238532278645,0.9354739149586486,0.5476789416080974,0.321704359167826,0.8881710691686068,0.45594067813881956,0.9088507708110408,0.021464817716501633,0.6019343256517186,0.24838771992984898,0.08678555815337441,0.8428227275359604,0.13660090916673218,0.9286928314600046,0.34248592552800383,0.35669523258971825,0.22110934564325435,0.8660090959796581,0.851161941345515,0.22937017792122527,0.6517287750345482
0.816660168164923,0.4707264447236985,0.19979913375661418,0.21520427144375354,0.04424650854100054,0.2621336171293982,0.7196909807613047,0.9760048510212882,0.7725503100650617,0.91894040842847,0.67184235593387,0.06405649660771795,0.4320856299629062,0.26053969638925634,0.7745229907811072,0.7995393260746357,0.18164700155718427,0.5968357378708263,0.3783678921022453,0.8477719721900742,0.6129683018568027,0.08170101252187434,0.3671101602480753,0.10990259518813006,0.3796113326650321,0.13837591114684422,0.7846218093271494,0.22407064921902975,0.7304610802997523,0.6620410696485606,0.6281123281773527,0.8768988511737086,0.5737129677889672,0.9831140261604638,0.9709673900322295,0.6066207820606978,0.7489945846964203,0.5093911214723487,0.20859381271970667,0.4168437922554953,0.6432728423350597,0.5559765921847164,0.7567682675349483,0.31389314700057935,0.15045480021838042,0.11901055536867344,0.9743716370615306,0.830878157279854,0.24509849354010282,0.2525283904885657,0.4310222229427142,0.7080665175208816,0.11740781529542899,0.26735390906174616,0.8950050576839788,0.16184814870005138,0.8996934194967204,0.18674942021214092,0.5780266132361901,0.5935157710478917,0.5037390919734231,0.7656156274446109,0.2407073073811874,0.16428386650217375,0.9840215362179744,0.9083553072949688
0.7363569110086192,0.3944137226612058,0.14348838558454746,0.5050839838545164,0.45046105032449335,0.8320072829329176,0.8066080447497294,0.5466924982404643,0.8794393218902921,0.8809778444961779,0.2986618956447479,0.8763352508162237,0.28461872223051543,0.07790081391731578,0.19075802399096087,0.08823937001483217,0.9559990314283481,0.4638935251747812,0.2968026529028094,0.8942995819293487,0.12526884432928898,0.21036775617114967,0.24167394970684164,0.7447444968626832,0.9786650548943172,0.3264445734905689,0.6591003888902269,0.6112296228791584,0.5376498168891216,0.10101586283712553,0.2232533577112934,0.619033495352383,0.3990132864761896,0.9138826430252877,0.2698223631082082,0.6496031568246962,0.45589232050398343,0.18809536158397733,0.720347935817776,0.12551539755956254,0.7573284979921735,0.5495666768008265,0.3878460568605654,0.936991227111743,0.6063715556758994,0.7102226387439293,0.5122652660093756,0.8724201905419472,0.8453671291538019,0.19740354952065797,0.5510753387642973,0.9749227796860216,0.031950587844975176,0.8149207204820532,0.8332946472359846,0.9627983747681915,0.870401497339504,0.6401212819445647,0.6745209854617567,0.22377708610509728,0.8303960225088329,0.43650791634911046,0.9460378690976038,0.9213141418422004,0.3588273544782442,0.5929060274018055
0.8928272754371376,0.4357353217225267,0.47024743547636105,0.08786603230598855,0.2033265197918781,0.7038630924165211,0.7876153664009709,0.5219340203625749,0.9480253266674421,0.017822372414597415,0.29742148955445824,0.9606188984208586,0.02450699394323269,0.49704608650494364,0.18188822609313593,0.18732989771775121,0.1732949538564752,0.757070404918428,0.09583223062861812,0.9782531948317037,0.46187443117216,0.2645301241780703,0.16690455004756288,0.1800824041425979,0.3735160481775951,0.48983502523190003,0.8153088612381734,0.6967119989135389,0.2830367430705396,0.24732787278397128,0.21273056096329424,0.9724490148875099,0.15339058586502652,0.5472958368294324,0.830091864296384,0.1969930896837725,0.744990146913396,0.8750266993831665,0.05988137014220246,0.25138043165681057,0.4939169879162564,0.05917193246016844,0.3411893341261836,0.36428266400037124,0.4856873563516082,0.7949988336902435,0.564212301954982,0.5544964997453714,0.6279974312381259,0.4476843623155733,0.7858740830954069,0.1981560892814832,0.20887964501677292,0.9766236015362444,0.44934230710263157,0.47814448938785026,0.5159600735281913,0.69379610460686,0.3676033272664201,0.04837666978664923,0.0880142247258352,0.09755328703072808,0.7048901818744503,0.9770712836205301,0.4717767272173815,0.20776139536187443
0.0696419748106516,0.9208239533588237,0.06496784933031707,0.6690534667912608,0.6188051542153129,0.5252404381993278,0.7407578774361302,0.38601523485601286,0.7656706145407661,0.24808251707383533,0.4693982708007983,0.607449515135502,0.6820727873661868,0.1573257374835103,0.07950581022726,0.18643438041206684,0.2906598702544019,0.7692227982922608,0.6344945262033098,0.20871019222264053,0.8540777677240579,0.6604119807791418,0.6389073363257223,0.3040014746339741,0.5852918318698717,0.4133050347603253,0.434907451810826,0.7331997072140974,0.9269046695553721,0.43543479477991487,0.7009474352643346,0.7789029680739674,0.27721032134463774,0.33113748575244806,0.9226415735756455,0.057629608513039055,0.9768578686061178,0.7978903180290323,0.07012476166266934,0.11909250600484411,0.31238096251334424,0.46982045236620606,0.4866896587844216,0.10124140921464608,0.14148197256647888,0.7373461581506909,0.17025056884339373,0.2693508520531487,0.4998423346350561,0.33460708281558327,0.2121913687155378,0.9832515747521352,0.21036409709371695,0.40528498219019027,0.14741213379593188,0.008873695195597803,0.0831294799167106,0.8326124282215533,0.36489675286359413,0.1185899972920621,0.7679990052015413,0.8508117307761583,0.5298820668330495,0.6094185251059601,0.7016510238964063,0.34290175770434317
0.17671655093871208,0.7089630703618008,0.8769984760724491,0.7737559582148855,0.24575456776686422,0.8360417368957382,0.35530130552712935,0.40748963593344734,0.35813986410371146,0.33627268828100243,0.5399263153799354,0.31470041527734616,0.049089988908550874,0.6224575442884535,0.23558833584575567,0.6877808065382132,0.01330091137600209,0.6154226946474884,0.4280399197511253,0.15146708728772973,0.6553490765930029,0.003049393188247905,0.5365593938445167,0.08098432161324198,0.8834759616688547,0.1135434403041562,0.615219932055636,0.4215921383165643,0.13689786164314677,0.13356585210445127,0.6088050647953552,0.14103193569422834,0.09479162864155921,0.9926663862793733,0.3053691212734575,0.24032065459930085,0.3793646761019247,0.4825314762357017,0.0698232668023937,0.1985322706179916,0.8359257755636358,0.0828793887968321,0.7915617375000712,0.8336529895775403,0.6496304245010844,0.5254045063881156,0.7340242534189771,0.8242918397629834,0.6415826409840336,0.3429943862446755,0.1352246479319249,0.555973275253529,0.5762334657059259,0.5235121997554523,0.475658042067285,0.5309340720969975,0.20752273641986396,0.9157584282484993,0.3036313473260742,0.31179186466466513,0.09297035179917901,0.2197954667845713,0.3879455764687213,0.8571479930172088,0.912929498597311,0.2346394496639067
0.7539903272836391,0.15113293944767991,0.14647334549687563,0.5333936220516428,0.8516944818863845,0.2290973914365586,0.4758933864178193,0.8892180435214888,0.7024089273249304,0.05809804864042212,0.2185465683244352,0.5851008477283709,0.3766812557993262,0.24352177477300052,0.41779511410696357,0.2062163250851875,0.5660138268273204,0.20213752070620672,0.9640415504572435,0.6357254934204155,0.32908052522430564,0.26706077876127754,0.26236888228057154,0.7531953930308901,0.31650958369149984,0.171560335968434,0.5150535280288039,0.7693833076927995,0.908223105363653,0.4963326353416919,0.6452271122376194,0.2219524158460332,0.7334564772898589,0.9588142892230433,0.2522198946909997,0.4037562229722461,0.9859638545744918,0.8732985746680134,0.7596278655140539,0.3986486426532839,0.7955486840421664,0.7170672175784673,0.09390190014558975,0.9593475891084273,0.6719407109749379,0.5004438193637636,0.8142661929616226,0.177699775754818,0.6981743958093007,0.5576208323445275,0.6040308582024809,0.2697652162912585,0.7180058976840519,0.45030706883367944,0.4288705883817109,0.8264595776017846,0.23553870612994765,0.9076883695251453,0.4694003374533674,0.5650635924678628,0.12511106220265655,0.1138890349431223,0.14338590267868678,0.9577283614670831,0.5356308975657386,0.198067128421757
0.14718515769783458,0.11017633005010385,0.565926927394723,0.48247193446170644,0.46652407931101336,0.917117378932026,0.3863171562905753,0.9002374186906646,0.7334688219787991,0.8304703633419787,0.4864793308337171,0.007380581166747308,0.13946349392834756,0.5423004328621734,0.6408400267771222,0.18241894694901561,0.35356051162671276,0.5064527359602674,8.250590216867741E-5,0.9322169163819078,0.5404788472803984,0.5011838107344088,0.4410058338778383,0.7041159488737462,0.6248828361973565,0.3696616408614011,0.9368509079019394,0.24209865791501395,0.40628217823058266,0.666026247396255,0.24634142242838586,0.31868244719222605,0.9932116510569498,0.18177282800618932,0.6620711311433277,0.6244337794546879,0.2958567001466045,0.2305394679108984,0.9075012703198954,0.7034387098287874,0.9930491565576716,0.12895237918216018,0.5267146765559356,0.08576185069027431,0.4725645713555209,0.5270011463383394,0.2722064517486946,0.18687013365311445,0.7329115551815601,0.11348759833834943,0.06337322751651431,0.11919346580049117,0.13030975904964115,0.7504113899081218,0.06199648435818811,0.2924401262168468,0.15631259171621759,0.27472671138644666,0.29089755844762066,0.5669790663174171,0.13953736811624406,0.04672365308950266,0.008075514544482854,0.7685478014445037,0.8792239773816349,0.821359116489574
0.7410211895983716,0.5727385425390392,0.7388507507597455,0.6721819286531324,0.48453392679398355,0.1241620393836883,0.6547942837283403,0.5070671098060678,0.07025031098811363,0.2678824797549073,0.8480273287134824,0.18079493385995793,0.12722671946078767,0.9396630611539833,0.7661072252359367,0.33158035792394436,0.3703008922832294,0.08675682844207311,0.9282147197191445,0.8469788038158917,0.17658980082891473,0.47242270410200937,0.8977609389129823,0.29916473549940514,0.5403645682859463,0.8550418274398449,0.5650883903489524,0.7803995834665057,0.5326756574487717,0.32665488420623634,0.2870491271809974,0.31657615066858924,0.3344843212731885,0.04593646005487184,0.20075170503597162,0.44004648668169377,0.7606894090687856,0.20706709367521225,0.2055255770264106,0.5625111629828801,0.9473211776376347,0.8486600693080006,0.6901602097972196,0.5045675348822963,0.5353065756947122,0.0258445495151704,0.0717332983900425,0.9105854564346514,0.2515934983338254,0.9438019131674498,0.6078508818251807,0.30589866763575757,0.2620539937167329,0.8824982201309716,0.7458793592025732,0.23787120465180533,0.05046963067431831,0.13005014413471905,0.48075786047215563,0.28321733831091667,0.8640346937184002,0.6861076229682118,0.8072367403147109,0.7010249937809789,0.9581956312721991,0.19683155300856436
0.37289589090706465,0.1642522736005313,0.972278617963954,0.4394901049336749,0.8650546953584961,0.3120371104509708,0.7722389539533846,0.6873929890631629,0.49769267736374545,0.8309804750930978,0.007999771513654316,0.454827459846481,0.20375842851939607,0.39563389674534266,0.45022958118968104,0.44685620087308797,0.783751395061915,0.07674242288280586,0.8950414992690724,0.02028157457628843,0.3132197140613048,0.7603639566825493,0.05497970915685213,0.09977686124386353,0.5698245854712611,0.7118072499048839,0.39079104378723195,0.28712977057976785,0.10487948781943601,0.6653998355917556,0.2808634127281502,0.8517392557162463,0.8547808671925233,0.7244187655208928,0.27384442559275646,0.3969516740270903,0.8645038180964508,0.9150862760671671,0.4248372888706494,0.259517953507149,0.7783453961010282,0.45435364264529166,0.8767032860899886,0.11839846791319653,0.2423543682702094,0.6632662030141574,0.9153834820977251,0.8643376271015795,0.25839569540974583,0.9860231610364993,0.7017844740414674,0.5130759789331099,0.8315546317218477,0.7594159810260466,0.7626564410221237,0.8327621330684057,0.9605936759837025,0.2181495601146911,0.1090241272689858,0.4000728030611086,0.13543335697509473,0.7186207165514565,0.5431144294942043,0.9997443722173108,0.026135550018413722,0.3170484462766876
0.3133570081331055,0.6386645426121501,0.9746260787111102,0.6474214983212324,0.7819171337139919,0.9583680043208119,0.2334005701657751,0.5105483007804656,0.18035273376924954,0.49872578301746384,0.6347163734198115,0.7075651322380602,0.8463707244919709,0.09081230443047139,0.5192798873815789,0.42957853969741167,0.5582899174715413,0.6383807111559245,0.30519777781520585,0.9496881974247614,0.7137014698661724,0.6850713031186203,0.03596703329564066,0.4544572106387552,0.13494960536304568,0.4584237276513763,0.6105379219045317,0.5989663296435962,0.22643924997149933,0.5319588626514636,0.16899077645348615,0.7729097546135282,0.05740910469784544,0.8530414690332713,0.2841257326638885,0.12476004482559744,0.6986920914647614,0.6469302875858491,0.19227228301526222,0.10684976083553788,0.803117668260578,0.6263671526238834,0.28588344652951825,0.6762885227053358,0.98659326005224,0.011252397676401057,0.4859870256797698,0.3149534493709458,0.04053512716770957,0.09439890592482603,0.914324174995467,0.7163623879686629,0.3862016779568045,0.47705271338762634,0.4930135128480866,0.32805865234193,0.4676146882396629,0.6418129113369144,0.713836738961883,0.9352068567768073,0.9721375402373466,0.23077955537953676,0.8397494238340482,0.12441981222645115,0.8664113392469278,0.2532029759003738
0.22797865727884237,0.7764063229293954,0.24023371066221466,0.4596037755898653,0.29707679702108436,0.7018502978028869,0.8620968322664397,0.28827752861299827,0.8995587488351977,0.15700211693374033,0.16748479291898488,0.11529392816637452,0.5072574005699186,0.25378298195465887,0.12466293422707786,0.020545467413194324,0.6682904961470174,0.21377387897984046,0.052574570506876084,0.920095516483304,0.6525393444035026,0.006280628188235521,0.0015935351078130034,0.7090218530026288,0.06679758113594714,0.15773679281705744,0.7502634043590043,0.00914607187121105,0.49125675618161035,0.4230273048031864,0.8197875781708727,0.2224852053703964,0.8657524561898219,0.5688848165571455,0.16291678199289417,0.8539572297320855,0.43720288572067545,0.7353318902938983,0.34501355931887623,0.4858169157828849,0.5689297619928114,0.7132123284512434,0.1024561822809007,0.3614945968023998,0.6080588269651335,0.00417506046727343,0.1371770466458655,0.26795471762833034,0.3089554508013952,0.7140444207253882,0.886013575385616,0.2933874335816343,0.018658408276830764,0.17133102092411523,0.7896824348449731,0.0809910339230816,0.9445327957139588,0.6597077147596967,0.2785707000336285,0.39979863824087725,0.34487077653207343,0.806595204214668,0.2911702304226341,0.20994774761245605,0.40992691575809104,0.979572729213631
0.6458646548995112,0.9124868411681177,0.9338820978476532,0.5081490407310636,0.9979110014126915,0.14275820934945604,0.6174887817547939,0.6704991467685867,0.4308406102446022,0.2915915513531454,0.9866571166074055,0.16309344491558742,0.9551373667819008,0.91998840676351,0.46399999666367575,0.20571495144142748,0.316933300839925,0.37067267750310173,0.08836252719291682,0.5251817159253835,0.5555952429351921,0.17382771234439254,0.7416195910289418,0.20816117321136185,0.6914583270371115,0.2945357923709193,0.5125325782285697,0.816783638824363,0.7735955066928659,0.875881354931453,0.004214284368438077,0.2203329898251808,0.2723945718706756,0.8943742154549522,0.9747590942902813,0.3121116241861944,0.46284746261126364,0.06329499130152427,0.6898530426461282,0.15264883662765394,0.011838976422280545,0.3947592013031348,0.7616861795663591,0.10874038283938114,0.4563552670255878,0.06274332276369365,0.050247688441981464,0.24237848435854348,0.6394149317133314,0.5970096586594491,0.41109178026632864,0.5444512934856968,0.4566585848017519,0.981813721839837,0.6879204015014413,0.6051613792153939,0.4589155200384203,0.9334723225275999,0.36883655660316617,0.9664327591774996,0.9546987727675487,0.4873158675981505,0.7518795606132508,0.7111468702073673,0.26146294659036806,0.03724408016435299
0.29846199535945406,0.8098676880023145,0.6655917691182276,0.14004928613230394,0.09258518920710468,0.36778685081221774,0.46846522288941295,0.7218671423565719,0.9692184899988344,0.19293952020934446,0.2195889451957338,0.8055592953672644,0.9269850609447071,0.04131283459270457,0.8676514502564894,0.5155288419145718,0.8983048782487261,0.48528793005025694,0.09650725548326589,0.9104133029907456,0.8144031073204372,0.5989281927664832,0.5554672193590664,0.14429698321128226,0.1731007547489708,0.5569454233867394,0.041909890344151324,0.5635280089519484,0.9940608337222935,0.8037469404713354,0.9491107215456112,0.6089220694138391,0.12917265272569423,0.6647862348522242,0.45331852116920623,0.8120795132591236,0.3850134527766641,0.14451053703918015,0.981491587240053,0.7497377553192868,0.8098352700336799,0.18351869355329664,0.4747387225374713,0.5515268880736048,0.7992818364453244,0.832113528391733,0.842393084268064,0.44419054826338766,0.3830493938885531,0.6382521705430682,0.7877795195355672,0.8592809242823876,0.16896145173770094,0.04496972773939606,0.8791193412492122,0.8315303500084699,0.9414372589207751,0.7456700824017112,0.33764847336839054,0.771549110670302,0.8380895678183633,0.7552498446784381,0.5199086388208682,0.20919269084679804,0.3611969411023187,0.4208400866756018
0.48230342486587807,0.7728881610723509,0.22005211544428205,0.7180220578000135,0.3333939791622066,0.49540428631716305,0.14569693192126698,0.9566927275396016,0.30304234651041195,0.5179951698996228,0.37131131500785186,0.45532652267301676,0.5873924162471492,0.4025428495771839,0.4295321153636589,0.8331998083196357,0.06481235461579782,0.5552690765036846,0.2822352531688157,0.3172153476676899,0.920304096554472,0.7157826630611777,0.5688223442332782,0.8632836384963547,0.0645192218195102,0.07167304947832431,0.9358109340025136,0.9517890966197093,0.9884025746079858,0.3215569395280864,0.9935351438417361,0.6324886324219489,0.3556185823785978,0.9284296575293635,0.4350216940732834,0.766261149494884,0.20229728597296082,0.8803683940666264,0.2476133447208806,0.43944623569510355,0.0872703115667044,0.5070797137227482,0.7496706043132441,0.21108104718224652,0.9158499134655175,0.2884791838295676,0.3926893735773198,0.19416456032811924,0.4463368330579468,0.13543610096241876,0.8834308001521943,0.9691483527674579,0.6808253280811061,0.323011555114197,0.20116699662456583,0.9811741586228204,0.4405072297759932,0.11296391991541976,0.511904102040928,0.38214787963054575,0.43055881801630413,0.11499024279377956,0.8144522073210777,0.24456071342910546,0.01082787506872672,0.6051181853858358
0.39246927749093774,0.696037930610501,0.70592060766252,0.34485814805142034,0.7921141048363027,0.8019164399991476,0.21192116911054681,0.9261701963487965,0.09670104721510164,0.9577224953882295,0.286859104202852,0.3049964063567967,0.7277573135675804,0.14424104401084048,0.44817341773240615,0.9800539616741194,0.8661411157421921,0.6449388937860886,0.8428037770393683,0.22377996192558847,0.8573870361179381,0.7288237404131208,0.0041733417850764315,0.8787640085985209,0.6422026099516875,0.36139189424127516,0.465209457518561,0.49570024487474607,0.33604805887159306,0.2221373639512323,0.3576821721247503,0.007835515923954525,0.570988897853649,0.1791656981886064,0.19552267407436408,0.7120857916822972,0.10851885477772039,0.8997760386807075,0.01341682607639963,0.05843837461758267,0.5338084143755104,0.46044506550049236,0.9118519066196257,0.6369524125354208,0.5498422293089241,0.6604674748068805,0.8459272616614042,0.7956161405308277,0.5041663001666509,0.24057668124353337,0.18762247257927855,0.52251385795557,0.30147355713736623,0.36119133758977806,0.18984940872690292,0.5822014593688318,0.7820146033006361,0.5045021503440545,0.9854976374886968,0.4088846107732288,0.9788279587607372,0.4304346747447756,0.165814751216114,0.9279387419057095,0.40604182868838734,0.9385938474521426
0.2998470718312026,0.30250550983258884,0.6760076808300783,0.9666159293255203,0.9802979219991476,0.5833457673600797,0.2947832944601436,0.9899247631299033,0.11104397640159391,0.3778240325730363,0.44349090216723497,0.7787085164045695,0.18768354094666706,0.9478453574632625,0.9173338176070313,0.3150038770463064,0.2648719014381793,0.5967601144071452,0.1645631480907137,0.07609554332520718,0.15283360661965872,0.8116981803202066,0.5444431974022924,0.9500077777866007,0.14032283286112657,0.3904888328047298,0.5062727352497458,0.7646865994540497,0.2024364838218371,0.7012681483615804,0.3807767708659431,0.7845404826413599,0.219067627816804,0.298071273604008,0.8706913043591423,0.5563280831003912,0.20341900033785143,0.347151579060193,0.12912142835547635,0.17095209438718206,0.9198800280690173,0.7064648999551123,0.5222608386078318,0.3485380600754877,0.5567027474956001,0.04470141323275367,0.7873188016710264,0.7512478557973363,0.3112955091485361,0.08644427223248186,0.3170082798084908,0.5815973941394369,0.8445857906854154,0.9264775921237461,0.7287067539846365,0.8336188705676975,0.5657862620782808,0.36896401222671116,0.7094092044693875,0.5300277672606355,0.6200313100759237,0.41615504420290184,0.36685038342296217,0.9006254772894398,0.268733652091641,0.356494674655933
0.9626815021275236,0.7354883663784084,0.07614402898518635,0.38342049524926436,0.9553438984815686,0.08106488233139542,0.9454790709822936,0.31386308575646915,0.7382906614550304,0.03812215716310374,0.5841159845261275,0.769389066605661,0.3234644091714378,0.6675540743592271,0.41973484743780776,0.13312837801342325,0.4904475775612206,0.9133832346078243,0.33792274487483653,0.7020725105006418,0.5984592207513987,0.01185923036711739,0.8666361544545604,0.7170247629905797,0.34138036785781867,0.0713762215227629,0.5940513839985625,0.3714295477609322,0.21524742887169346,0.3800030482248078,0.6737153323400727,0.4755026900727868,0.3631613359824646,0.5257392716712685,0.24454150159809218,0.18353035716456167,0.7643175592301987,0.5991811463173983,0.47307984241671797,0.07989916786954587,0.4418703987670305,0.5891016713063356,0.7116203545680753,0.963365734535726,0.4786021329767053,0.5785188250343497,0.9580750082785764,0.8692688386399248,0.14987614196324106,0.5021474839470726,0.4022135443952416,0.22583288829623205,0.41011043084994925,0.035699278092686526,0.3477129915898277,0.5534069705288699,0.30201582430142737,0.6533163737873159,0.21061252727829438,0.7844283980010501,0.5971011348808918,0.011494764498160226,0.6121489282614396,0.10709556528630326,0.1214555189439307,0.596172821534619
0.8075798924808049,0.2171801752146214,0.7725753387116747,0.004231896325164297,0.8224859615332906,1.0378350447387108E-4,0.19101176393556774,0.3214751591323799,0.7041742051337029,0.9593494222790925,0.4148720144078851,0.8062220684290904,0.2381898532234592,0.15747413073394922,0.6157158734368459,0.490975449405642,0.32857490358945596,0.04243369172162359,0.1911464494193451,0.37418874470784513,0.9953949312755456,0.2946255691050417,0.07240200568437594,0.58998167645049,0.6041894135322559,0.7490027191657178,0.09451351107490158,0.31572221677899526,0.5093822413402151,0.52180451385465,0.6721006833592995,0.20571335368393462,0.7673229162686285,0.7028978271918863,0.8256364825986342,0.8237938404153101,0.9545114295288526,0.36241560185624144,0.8110185121217331,0.8884817089219645,0.4126924045426553,0.16432637186038257,0.2195430973972763,0.14136028361725073,0.43488736564054475,0.5797627520497545,0.43588574084250675,0.30272615890613996,0.005066349958555719,0.549382632830995,0.7684498209936111,0.888089605414629,0.709043071250961,0.45673239741058336,0.39945255085236464,0.6249375532088834,0.3453110267148527,0.44352594078246566,0.5413756720910036,0.8312399153391113,0.5819197757041672,0.4229496840224718,0.8319157549920653,0.3955002804140576,0.7291248231977837,0.6285478528573433
0.05132690645483062,0.9327223507082871,0.32742576124960154,0.17393910711422633,0.7040567267250707,0.2814837685948217,0.7867417724021737,0.8925591176842684,0.8708336634717574,0.7543792184989316,0.7548549618760996,0.6768208638387326,0.007872157766265705,0.45741516730538134,0.24188568480770145,0.6425280990895662,0.04661990906830371,0.5535088229745511,0.7824467613433199,0.7070740130660147,0.2304785782873462,0.5610641090060312,0.07825580967660883,0.5889015567156202,0.6141881482475013,0.6506680714704708,0.6313681699450526,0.8108977731291224,0.04707221179388266,0.43127097146485294,0.8518257421037302,0.021839355342357814,0.7630995439284453,0.901784193576825,0.0033994332266622795,0.8377023697818179,0.40872515344672655,0.08484984251163652,0.13723631926952218,0.4485940538069688,0.45373151458333627,0.35660671805897337,0.8556047466372305,0.43726024999404356,0.45079926000713033,0.6395973672658636,0.34656420954233214,0.6115668183941099,0.5362932546227628,0.43553115467675363,0.6352689045233605,0.16604946676239773,0.8977589959186866,0.14043902602993763,0.4087471148518931,0.1565708881311716,0.672881140725804,0.20682542777148671,0.08838139590897198,0.0973200942589888,0.8901643950243322,0.49574358402243013,0.04794699961280646,0.4708337575979198,0.6133546041320891,0.596290352732949

0.0044769759960084435,0.0789427622258793,0.40915328735112294,0.9803652692815346,0.6486603695796779,0.4597972565277791,0.6253422276497936,0.6109134349979534,0.5139467856924697,0.03640390454656002,0.7270270641926997,0.015277636254780775,0.948689937725896,0.285079675486221,0.13199169764953742,0.911379857296686,0.7940191099977064,0.9583960462939529,0.5526387290668932,0.17374815420900327,0.041176283000853825,0.32604880333671216,0.8511627777809936,0.30838985324562335,0.30613402968558295,0.468977939085719,0.8068077222868222,0.630527586154574,0.4334142560604859,0.8939804126056019,0.9962877530535846,0.024256694083220644,0.9209109292124947,0.12375333984979568,0.1964604435349625,0.5040035950419913,0.14365259269807729,0.4612508109311656,0.33259803620043593,0.7947342108985087,0.5468229553583667,0.8274324994034135,0.016110376441874633,0.8011823048509488,0.07699147894987383
