+-----------------------------------------------------------+
|  this file contains a neural network. do not alter data.  |
|                last modified on 19.06.2020                |
+-----------------------------------------------------------+

each line contains all weights from one neuron separated by comma.
the last value represents the bias for that neuron.
there will be an empty line after all hidden neurons, before the output
neurons start.

learnrate = 0.1
# input neurons = 65
# hidden neurons = 5
# output neurons = 1

0.029799110834579482,0.20183624573971687,0.35644008003743277,0.37100437164998684,0.7955544299715733,0.37658072027528666,0.9502171084309682,0.7902536792912094,0.12912081869509046,0.49519830969418005,0.11222552661364518,0.639051043025018,0.708843303281992,0.3951727413753861,0.2849046320305416,0.33329663947598115,0.2776460355827111,0.29362692562829734,0.47929996441323364,0.5694756478065842,0.477369439292379,0.8412730717429224,0.8810068182617061,0.07920445696435326,0.21634634450197604,0.37340926084618187,0.5471727429128306,0.9614281368225946,0.8587668286688047,0.19764824114439808,0.9173838174372578,0.85730342503397,0.15974682411126254,0.17663972018700455,0.13739567518981824,0.8895801507721948,0.9824579900564372,0.025927338859819307,0.4467754179192625,0.267684834411702,0.5761423108760846,0.7682437363148927,0.23816654899056977,0.6746847616717455,0.3211699551030537,0.4616939723738855,0.7281657441329279,0.08294015883133851,0.687258362923072,0.9346793729448307,0.5677766737286821,0.42572826256418206,0.3288272477611136,0.49747895784956064,0.14327589374848473,0.6566104476399528,0.13163617118221674,0.76065608742681,0.7539073829677534,0.0637591571835182,0.30056493710026566,0.5116854043383718,0.3340522396506319,0.36140859207621384,0.4794680347975332,0.2970304622443398
0.901154404878593,0.001945410393441394,0.28217721738263696,0.7811210743220242,0.44217616078365335,0.3533704851225412,0.546376430037967,0.1577982858111311,0.5329426462377691,0.8747977079057573,0.08354855302743758,0.93457070188442,0.5740828783730441,0.1873879741375638,0.6914631107097036,0.13601201746434027,0.1752499111764471,0.9872129531538484,0.7213696158621263,0.5809376278333844,0.8740505329476496,0.07533647628695216,0.5447405778594652,0.211062589432673,0.0763488397447401,0.3900755689308792,0.8546637565426343,0.5800460274737712,0.8330100087275006,0.8195770232700843,0.8537703062177192,0.518456477587023,0.8234478233942537,0.7429995756911594,0.028299166904721576,0.6804466173836993,0.7119721767046716,0.7072532357170472,0.3921434142824616,0.14457923019751714,0.8562192552582949,0.37445003496081725,0.7931349589221894,0.49521117619166727,0.2096282368115864,0.9013356541318651,0.11955910216933387,0.8406474955755043,0.13247476106372127,0.19921005723462912,0.017364231618363694,0.03983127233525295,0.7520508499480528,0.11232229804982403,0.03622539540371093,0.0025934217767379273,0.44945379042232203,0.4037539806366468,0.9567905138838663,0.3045131185878079,0.034414340644771994,0.5869862190752935,0.4229561427270575,0.5161370488327482,0.17533878860856844,0.05917139595986112
0.900133259587064,0.5828585345811361,0.6925149059668843,0.6980791334197396,0.4071976001677024,0.3128150708924092,0.3937475964191623,0.07174654398885566,0.45138155922116246,0.5305117616006496,0.23439548866903237,0.6714938540140133,0.0479026437921909,0.7364123730524564,0.7162820275766131,0.13309762594276967,0.7806923834860716,0.17585751517637668,0.6090858095874485,0.2349419699964759,0.379197250278524,0.06634312405655507,0.2664216312757326,0.5756985961294795,0.38452498363285437,0.3556455063437885,0.04471487132003342,0.2235784806834954,0.10599751021196929,0.796053532808671,0.5880700196388379,0.3008797888078915,0.1972570858834138,0.2979191995929327,0.02912914105530535,0.42887793886085973,0.8907333584864235,0.5135342946087648,0.48488675501766154,0.18108089955440682,0.10508660557329526,0.32564357286408874,0.5696874264251283,0.2234499419927738,0.4251770581244567,0.48353719680375884,0.041639742550914086,0.6043718069104068,0.18417058236967185,0.902400524025932,0.10296453572246055,0.7493518992028138,0.7261934567949861,0.27604946402938674,0.3320011692860718,0.06509563416714576,0.22759455168986994,0.49446244500404746,0.6903055268161409,0.7043128139265359,0.3494603474272352,0.04158842044943461,0.5696802647760635,0.9664217801830236,0.37983537609103685,0.9705011282315266
0.37149407086343156,0.009744290490139307,0.458872378173712,0.2781684663383468,0.7016547760391099,0.039126652382411885,0.9418541923881458,0.5105476402042427,0.8194720461869586,0.8978961384381872,0.9473876613434115,0.1907187403582223,0.7020294544012005,0.04183627535276796,0.6663452679859707,0.25309093824344425,0.6406313805057509,0.2016841658622376,0.04988288175252178,0.9887312929804541,0.06797178588498216,0.6499787566307176,0.10715160179825435,0.14421976566599695,0.004979483675175033,0.8827476753251862,0.13202443738312114,0.7203011804906783,0.27247295745700134,0.693901569824963,0.8433988622279491,0.7128870777018735,0.4300440144814329,0.08411895853729162,0.6118871943931311,0.4871478735575094,0.17806593631686798,0.15987986548159425,0.6347260198630039,0.756863950635376,0.8804365878714143,0.23840717573427272,0.18758221007557663,0.1457005370554558,0.6628292876631809,0.6048915945213176,0.8395184424134575,0.1431009692042337,0.5508495872367303,0.025803388836463607,0.8298807559971274,0.8363690610932205,0.9673422005183407,0.908469293715779,0.6481826551000958,0.2113197205968633,0.9635641976103995,0.20241823193677005,0.2129433838801229,0.9341082599500802,0.5117468739496128,0.5083654721526231,0.955676381994406,0.49264369229254334,0.257778052463081,0.600936035375227
0.5449701847877197,0.2819956821498959,0.19213750427269516,0.5441548155527727,0.9376899380736259,0.7237267734007922,0.8022208987148515,0.829140698345538,0.967099536853902,0.7909530132376668,0.4030461417454739,0.5544992822413963,0.6468103118248261,0.37328437870779774,0.5074291890660199,0.4436161177020407,0.9913976469774923,0.761186996715109,0.2958059701627065,0.6484402003807385,0.19432026229428281,0.15701606826070053,0.4682150331123683,0.6576006456450568,0.6325062375448708,0.521072838481514,0.025691854581469126,0.3073876362653106,0.3365698682370004,0.2621521818794876,0.8142301957403895,0.8436921914921882,0.2086659660652268,0.2307123593372161,0.9876535900553127,0.22767875357955308,0.5292462063973092,0.254756725310121,0.8981763703316024,0.37842845064380737,0.9831325868637527,0.9490768738477597,0.30287427889738605,0.8646706850816437,0.767965674717498,0.8929267309119221,0.20151649517000492,0.6139146379913489,0.09442518522741433,0.3104648759320596,0.048985460427162716,0.5886447460321844,0.7808004827161397,0.3173922627036795,0.5829850015645416,0.00690397182107363,0.46499375400533244,0.40993042040273253,0.9982606802661538,0.6110249508950982,0.3899677346537457,0.34283433862165147,0.7539650335644805,0.6966175777885509,0.6316859774862824,0.7443852648656125

0.36857624118722454,-0.40088951453584765,-0.3871808218975511,0.32975597608765883,-0.3886835105565678,-0.43500952334747156
