+-----------------------------------------------------------+
|  this file contains a neural network. do not alter data.  |
|                last modified on 13.06.2020                |
+-----------------------------------------------------------+

each line contains all weights from one neuron separated by comma.
the last value represents the bias for that neuron.
there will be an empty line after all hidden neurons, before the output
neurons start.

learnrate = 0.1
# input neurons = 65
# hidden neurons = 44
# output neurons = 1

0.8745683584571445,0.7424108718477802,0.25624791385481505,0.1415423746179303,0.6318687673524178,0.055462122225903854,0.07477883325963441,0.5794632313555684,0.1846265159127235,0.9108286165280409,0.46787616910889185,0.7564093695506738,0.6024703755308862,0.8352404455874185,0.5704781562004185,0.9078570666639572,0.5426276080927241,0.42053516243362987,0.12832995781343282,0.5288293818579599,0.5479528704441962,0.7583780230390403,0.7151033745099195,0.18545953771561852,0.5505779982214043,0.854322800777876,0.8920912370300637,0.28759932526723275,0.5611935154616797,0.7504918223104535,0.8378501586671041,0.27489616746836343,0.2515118629495986,0.9777551784238828,0.09333085254104256,0.5759879337055539,0.8962516523919128,0.13114090098475129,0.7174475371108862,0.38894214919020975,0.9310209613141642,0.8163092423872828,0.328703595516715,0.8007921880140707,0.20376692918178618,0.9502760838685456,0.2204034647227222,0.014999874575315514,0.8499980252439284,0.4161716285847149,0.980145789518845,0.4879001882530203,0.6057742007524577,0.3696724814068666,0.8187060400253005,0.588661006897958,0.28749958009707177,0.07384642365368022,0.11908165290258688,0.9920163823876634,0.11384097815399263,0.9995012106874579,0.5533863553283951,0.3890092790134789,0.522634766062688,0.06972983220299528
0.48344437173994925,0.25820591973594653,0.1444340248397552,0.35019642327321965,0.26034960838049837,0.37832020630140495,0.6343861694773303,0.19080873343240223,0.46891862202217516,0.4829139108237325,0.13542120184773576,0.8097741849520844,0.12488047153678106,0.9588140518107521,0.24826916765031615,0.5776387919140917,0.3258104321945444,0.7721161510036428,0.5176147228839224,0.8067590252581951,0.8812289201976801,0.8691182700460428,0.6087358038632199,0.6807587395658474,0.0029505886244844265,0.14425731767551508,0.5452622725900221,0.06887487045020813,0.22368300010419695,0.6930956995777924,0.6062295984182423,0.36169680661562476,0.33003825960733957,0.4756331616176762,0.7393919623858441,0.13765623124404236,0.2455347129307628,0.7036947083136903,0.6377974121261399,0.4237257882801283,0.47983062452537417,0.23587270918554493,0.9479178355644807,0.5491361410416711,0.9723449596174857,0.014477436488047501,0.4301648002198649,0.1075229631844985,0.9015849682759739,0.11117676639064278,0.27641156397994704,0.3407669185844485,0.30591437839822166,0.2614827788107936,0.20418091033731467,0.33689078953760976,0.16715952411356383,0.8629691349668551,0.39344703774430445,0.7947302302291025,0.9453657294778401,0.28807985748229337,0.809539265826417,0.7496952558710785,0.4211791712288203,0.019616645057831485
0.9644239876850856,0.5777923512598847,0.10174453880353818,0.5554685314389004,0.70868073104516,0.7991773137283114,0.37667239515742457,0.24887415991446937,0.21777683919563717,0.6878613770004659,0.07254393729961373,0.2514832478947615,0.9387848143122423,0.46079462265406357,0.0475857296283122,0.508711168792844,0.8974750021051816,0.8674019799328959,0.9925601067068844,0.3203561079111683,0.4307555871837849,0.32974882882629053,0.6595817520663831,0.3241757083547957,0.10572099861810813,0.3938647241653249,0.32748456005737847,0.8860959651755048,0.31410853867463173,0.1443555157381703,0.4305271259310395,0.7879523562251476,0.7897525871645077,0.40728543479678603,0.9266394358544797,0.7921392290812397,0.08666444644172067,0.02041239035261394,0.16207680617102416,0.1322701726151373,0.876655049367473,0.18521144840613435,0.7012621700684598,0.22992906364974086,0.7779568074654495,0.9317225193408278,0.8337606697204388,0.9698171009826148,0.3100901138883655,0.025110697115465985,0.24474573085858597,0.6790789826244059,0.4852587087714997,0.2219283562728398,0.6409788892765642,0.5513168095455063,0.4928475606517947,0.6444200411144319,0.9612405760187244,0.6317772278945729,0.9111356964484135,0.1828132661620887,0.16831221358245707,0.637424583542812,0.8891257732726583,0.25838876516149767
0.5190248491007262,0.8240879716456625,0.7814307611235018,0.9842264474179084,0.6395533484929463,0.8325981761978661,0.7904477343556151,0.7458740744002949,0.6950486798148244,0.9468059254400075,0.27258760318441355,0.49078768512961535,0.435866023086385,0.4786000509353663,0.4991182765431792,0.5632442240032844,0.9270592449665752,0.05852038816474414,0.8272186827948271,0.7505281698787365,0.3234774334652971,0.4552871814938867,0.43312925584423445,0.31654598320406535,0.13971246834621065,0.17354482461697784,0.9868240540454696,0.19062345991760843,0.08231095446017256,0.4863447683241727,0.9064187199437082,0.15209238879457943,0.6610780628687494,0.7473687287050023,0.12056729169506342,0.8053752196267454,0.47696469191698365,0.7976200362122572,0.588390211999387,0.37562724373503664,0.29594342580130495,0.03228743992434924,0.17901486268305722,0.8715975981283173,0.7614428187119276,0.22571227748908385,0.8965987775267207,0.9602224562656253,0.8723237065598886,0.5258665258179894,0.8517452197473211,0.9765644862635844,0.15904536578680772,0.12447567048985653,0.8265094918153372,0.853064672569781,0.8275830599576618,0.9848970158683833,0.7577335005996398,0.39367449239502184,0.00882305054224386,0.6670907697119705,0.9722351734289298,0.24128711336173392,0.6505745269872256,0.727497332154761
0.5474186110620552,0.09098894163775428,0.5200032588312551,0.39136125808470956,0.7421593003293171,0.18700320925036018,0.24620378317272917,0.19601874338953862,0.04535863940736651,0.9078000751877795,0.3257935176144098,0.08589190726455953,0.023350339484662086,0.29169817048764646,0.5388237570817215,0.003410052878557737,0.812380740245284,0.6843850249032922,0.27796865557921757,0.3648041880099492,0.7986739607912203,0.300134598501666,0.8808659179082328,0.9356981248543289,0.7561321027533842,0.3801022116313755,0.17364781423901188,0.5286457459801632,0.4705092362075103,0.8039286188462271,0.08311469034861507,0.6332404315131007,0.6689379492577825,0.46498622517534993,0.35566771891609117,0.559149985680956,0.8949749793180272,0.4549526311774831,0.13303110260954842,0.9234056717163976,0.8218729005744755,0.11999748539557009,0.3779584858775905,0.3455019474682507,0.38057269199002985,0.34872092759563666,0.9175321748401626,0.027338939715686128,0.9939520035671675,0.031082898733283737,0.17732789249359993,0.48976682900515633,0.1551522783273115,0.4879145345610669,0.5166318520775631,0.11346773508945074,0.5653476349806311,0.8122040104307757,0.443060822901841,0.2891373170813534,0.05510670339697954,0.48620147785843437,0.8843503077967176,0.9204046860109566,0.5535385285689356,0.342488322952165
0.12573971810534912,0.7426560271169924,0.44070188485965345,0.9225085653208874,0.9832973384789767,0.42190375917408496,0.7212971165862219,0.5526607520274082,0.27669261491618025,0.680069400967724,0.5914481637550499,0.005901309601042487,0.6893364311379879,0.7565257324874057,0.13542167880704603,0.4459109373499469,0.65947480790028,0.36046895355771036,0.0854195318919515,0.46122784362371616,0.03273554964979308,0.8946695913570543,0.8051191847656443,0.38835285851780266,0.8247904284620606,0.13837659741139985,0.9164267614191565,0.7956832302050767,0.5922112001157904,0.7656256951113696,0.2789452821966949,0.9542330269184219,0.5902602351724012,0.04493001779691019,0.3529508912538645,0.356450566413101,0.10827154260361038,0.8173072672346624,0.32920785739376934,0.861043427966973,0.11644189006865369,0.3818242830552483,0.7927431865196786,0.8395748905293482,0.6322652407488334,0.23131643347740416,0.10273992017360023,0.7796954929635019,0.02050886931561663,0.675666178498399,0.1169977787981279,0.1602263012758477,0.7775420900890199,0.26600081217231486,0.36694867324429714,0.054911389933482546,0.21899434253652228,0.5903973046582079,0.29800352319371426,0.8445084751312028,0.8891316872040568,0.45015718676859917,0.7300464573117127,0.6209888557806102,0.44100626384851704,0.645442376354141
0.26418071565773726,0.35296873561452324,0.19834646495405173,0.6000384232089776,0.9643702808584981,0.6480957474889487,0.6033198508228703,0.8372387240823439,0.2764098992447439,0.9959662871591549,0.27871521040369307,0.8823197267272683,0.8116958409035703,0.7042506671404724,0.48875372826757846,0.5118035045950444,0.31955776758858667,0.35105437660543426,0.3696535260171975,0.39568085750552917,0.8994523894036309,0.4681459454108847,0.4192361777609487,0.08599475002528256,0.26310754142557,0.34253290669030156,0.38427721424370453,0.9936600078845373,0.6467449777223299,0.27796900319502504,0.8649674138121884,0.46512241987013503,0.7947994681977634,0.393327820500496,0.6677650810819395,0.32143618241271976,0.2890897740854671,0.05137866092270819,0.1810843179851791,0.2545659976484157,0.381187740862719,0.30935328263559814,0.8226772859658094,0.28919590607261625,0.4007691430501582,0.36179233509657205,0.9132339691243878,0.11305435866590319,0.7590202917698933,0.8065130773244346,0.16763544460662427,0.4547406112784821,0.5437127001770122,0.7061406526180974,0.3634620390242119,0.8452649218043096,0.7113474843203121,0.840497383831051,0.6457708941689392,0.037991200543231574,0.9218102643558127,0.24924551231467318,0.357822300160644,0.08139744546304695,0.1322661069716401,0.14953121015153237
0.24934723138108894,0.5400456331333807,0.16956345964306274,0.5799779899018827,0.40711382389616735,0.6413795871105248,0.6342049468520724,0.6702308151117802,0.27696339707950857,0.18944599813203844,0.6539817469821524,0.2643521850738755,0.7021515353601503,0.9313596554924681,0.20165796542259107,0.7367241962586557,0.9897435198905603,0.6883114630783717,0.9186293822457177,0.23071147400208292,0.6349770363034686,0.9701435847374307,0.6452715554590644,0.2231919631776842,0.48292010101814287,0.9809930800685712,0.14872954029860097,0.2721632627598488,0.7874153304164876,0.8932317735418518,0.8601921435689406,0.03998505808327801,0.8392161098963927,0.01790675024920252,0.7862317774412036,0.201418366991564,0.5783842513450014,0.03211230209237015,0.1425800926722267,0.6434751071577562,0.8804329390586622,0.7372008509473167,0.6737491928236504,0.44319178588433483,0.01136236854790626,0.9164668572158874,0.0681965524387087,0.46979423487367267,0.08365010995348876,0.7369143702862894,0.35627141514044636,0.0993203034030593,0.21342193531971976,0.7969453436079679,0.6869691733984581,0.45262002929135703,0.4784429601696173,0.36028224858489744,0.4195595721347155,0.7717540219240518,0.7072330988348396,0.5361657443470833,0.037443146723084464,0.03516229524013448,0.5915248023430423,0.16684367935323774
0.9941300306208224,0.6785774250055935,0.6074453358804219,0.9655952748087892,0.23502380830683633,0.33650770609627656,0.7552194436875569,0.012010136454804643,0.8037323605967626,0.8482166803947048,0.18285284168148652,0.05596900691965667,0.6379168021223526,0.3824786174855873,0.34617073760396755,0.20774890125604795,0.3872283544022197,0.4269889675361165,0.4757496127974352,0.49890259922969404,0.8446724592168946,0.5611622946546012,0.7706949931636072,0.4870387182533795,0.3727782065970767,0.38515058991610374,0.9198809758909037,0.5473549189551722,0.5272403067719974,0.7132667375133237,0.2631829656051915,0.7447537120038428,0.9332400144654589,0.1565997600110821,0.14839727549549786,0.2125970111840218,0.35344013583449263,0.5174594709541497,0.8139570643790894,0.7776314651191969,0.8016889088712412,0.9973904033654498,0.43321650848757987,0.16534387210998336,0.5027557554222706,0.08084556986795477,0.7929907212623732,0.49598226757415487,0.47596205528836855,0.09821331916068343,0.44720173026008847,0.9387047858648878,0.5293578357224352,0.8947408911271417,0.0858956211905354,0.3297949862528692,0.49113586197893755,0.7360007691606401,0.29055977126277044,0.2806089894134579,0.5762619913536577,0.5658971320674488,0.8085832537918346,0.8018962949095052,0.8888414522213124,0.9998109889693988
0.9728672747216821,0.7533625510441889,0.1945282477119128,0.9833348298373772,0.9170071356130248,0.49081941570161003,0.2623248788108352,0.8761485682866698,0.7921305395932413,0.9279929195723554,0.2714084788720469,0.8309403458230843,0.2783917813520158,0.856038494952667,0.006158085549958642,0.7288773303246197,0.30228519124998054,0.7710372778607458,0.8213475957208828,0.6059833912878874,0.02035475962593965,0.6482249486491503,0.6495071312958124,0.458881523290002,0.8105421724666987,0.07143097109041474,0.6437452892985718,0.5537112186864157,0.22432800228990757,0.8771821990612507,0.40186371589836156,0.8786319122634212,0.5959860981626728,0.005152433294905043,0.10138393904697107,0.1781756102765505,0.2796847906066019,0.5601146193514698,0.29014636503461877,0.08681294777399928,0.2908322827760471,0.185280428389196,0.5234295187094701,0.23944917599195115,0.4649784921336818,0.7228873599910847,0.5160774388581583,0.878167133998315,0.11574874124489232,0.7951205139522252,0.9869114338609142,0.39738696971042875,0.5726993679641278,0.37693323004145785,0.9127423832671172,0.4737129278458313,0.9106493822866478,0.6520561927662268,0.48058765699180395,0.9120897576111135,0.6439556941452328,0.44446255476088137,0.6292372425256126,0.10649250727245851,0.15236468590192442,0.2997817714646758
0.7051011995866139,0.061225234855361244,0.12948547717186976,0.8546327724132606,0.42231084451674705,0.24800550928203113,0.40059592464849936,0.4765725610692646,0.013334543032855084,0.18436340650582528,0.04340491810607139,0.28333355362029067,0.18390794007041877,0.510485040249042,0.86355958452475,0.5572491219206487,0.24486803900250464,0.514482355137049,0.9261000343116974,0.25924393830370673,0.58351924455142,0.5101723314742463,0.02472763519024196,0.8164913884977614,0.45844837624305634,0.20680065471261455,0.6826676215099657,0.6088178443032968,0.9542451844847486,0.22674596805058644,0.5220705813779849,0.6111593971540632,0.8163737946417291,0.22509277014410767,0.6133115198746623,0.46285379993074827,0.8014790373566077,0.6440624353207399,0.7212089559447332,0.829276374698343,0.12470190648236945,0.9956435015725605,0.20210111049949864,0.29730563738678284,0.5631159358350087,0.707363674038158,0.6738798842844751,0.20333083863112789,0.7831866016186586,0.9889979393847746,0.4804974974115188,0.7309899668302265,0.5001942265303959,0.8821083468673941,0.4031248222650541,0.3355537187135734,0.14885014582905887,0.6396630106577635,0.03205429574441643,0.05284701104723455,0.846874967860123,0.8495828585458005,0.7066046775358066,0.5328267989618671,0.5670967773001737,0.26391698596641733
0.9546987090215049,0.701410800649911,0.5986661444626267,0.12444833382670717,0.9194487469275859,0.7988788969369075,0.5742740797550421,0.8858831756365982,0.34699977112764635,0.16914524805444864,0.5677977969712905,0.6293799991718894,0.3280433267058672,0.5814257162001353,0.025588489189053376,0.13202385786651738,0.13482923360455512,0.054301973878112864,0.5846542964685267,0.511954981355152,0.1761669681533451,0.12190986840684828,0.15228074399204128,0.6042111079873234,0.30482217065335315,0.23295656713638446,0.9741697992879168,0.738945044194922,0.4548776660692899,0.5054972965744787,0.8019681321452529,0.39153039708691406,0.8610428854568105,0.3738792058786703,0.6860936933595148,0.25317009180807815,0.9175591217175755,0.7589862624797519,0.36605943640620897,0.6309733746363074,0.07126274457271109,0.2688960000241565,0.7080315090146663,0.7280693430985951,0.011531736772530637,0.5942850804226988,0.1481486565834127,0.27717603022537296,0.8192560137193597,0.7013973780632584,0.6401683369821307,0.20514565532071372,0.6676348875812746,0.6451151144880959,0.17729440007641217,0.4913585978610585,0.12952013131376483,0.8256495880692648,0.5605802836591847,0.1494398601385466,0.1391866018150273,0.29459503754323657,0.7200902959828956,0.30962333556538335,0.18082639351421326,0.27956576016611334
0.5600409182718784,0.7081911497282816,0.33172701128010784,0.4413626566139429,0.9954335618553825,0.5007663833883521,0.37500755106497374,0.5035926962317567,0.5752281764816721,0.2078395502172622,0.3149515561974804,0.8018906545339469,0.8458973899056141,0.7737602038712567,0.2773884771869227,0.988369548469589,0.399238833793347,0.17452720938065514,0.9582406391147724,0.596652400012475,0.36961355465222023,0.7450624515102867,0.49526604212889536,0.42381478006731754,0.9983159780712592,0.4132541557230456,0.8811914899835087,0.7177940682751733,0.7665716590396435,0.3259079958602352,0.8108447778675575,0.9722976522568648,0.5136964164370105,0.9308453695706017,0.16055880970645142,0.7259694714880779,0.9032410340609882,0.4397399194566697,0.13503407505484888,0.13855025531749698,0.5774836702177771,0.7378849962088246,0.48501047540031184,0.2739935963686023,0.34942164634645834,0.2299360761569198,0.09851366457017019,0.9589767603631048,0.8214533789932508,0.8147741164280602,0.6991042122898989,0.8049712992104424,0.8912302706981797,0.1679870665475819,0.34647335908512755,0.48301561183146846,0.7076969335466023,0.7770683140614072,0.9278918318926628,0.6225574181009642,0.7741282468496249,0.7222825369337008,0.8534332622313238,0.7692115361904784,0.06000966620128345,0.025251239828993632
0.7235571726802308,0.6810043577382642,0.17989687789068098,0.4976611159394846,0.824550964685551,0.8686528980634126,0.9249300961212609,0.41410060046308284,0.9254940225808151,0.692653575447413,0.6914668378887654,0.005881271887871935,0.9998216427416639,0.5184313034279949,0.6413362667244613,0.7268024120306716,0.17522999817594498,0.4005272416640274,0.7495078937464693,0.47716838608175083,0.4275776240374114,0.5177792992108883,0.2475052335702519,0.48897034171499465,0.2776032326026623,0.11367615444523471,0.35468521353733373,0.372995136770233,0.02369333968342367,0.009542635663657,0.6045426103335563,0.9077259148258983,0.8495974142422791,0.8529401865972083,0.5194881125559431,0.5102506617425058,0.4829023123654891,0.13964311068238444,0.8650874879620639,0.9709959697066721,0.94824197371169,0.7047778002802123,0.2235382371758894,0.9569555014317961,0.35863200538865403,0.8171885500559578,0.16619995766562978,0.9921838081062887,0.6189833783630824,0.23082043920358708,0.8762825757206943,0.10967783667455211,0.37776309459886137,0.5478858796703348,0.6753366734439562,0.13536997944924267,0.5559339209987467,0.030808412779851857,0.5409783601508629,0.6128079908859086,0.30671935063816547,0.5634137339221575,0.3683211930715612,0.706199171094205,0.3154040903114437,0.8065642694027474
0.42387541737852885,0.02984678790320211,0.9352941924626654,0.7194107750052718,0.16821518547066505,0.2436094292564892,0.7741251068048888,0.5246601311897988,0.3825026396658091,0.4268645475443439,0.9946204265038425,0.8847360262739014,0.323996772783126,0.6975597496835255,0.7735673012911634,0.5254349926137113,0.4569648409545639,0.2782865146066552,0.07568927261059577,0.7946573054381192,0.15795214181436457,0.22791263656067062,0.1417613005288355,0.676018529699215,0.6781558338926442,0.3551615057050226,0.8648249824910922,0.5906242924088101,0.5606869705874288,0.4096276391047706,0.5340276729408032,0.9150173346861938,0.6567945276592058,0.5060694464823993,0.2625211659293534,0.5192821925086082,0.8626636093153794,0.8794220701456618,0.784021626828657,0.7865201172416139,0.7071898709337976,0.49082435390811163,0.20204527820097884,0.5133824094552998,0.9611703804612,0.7090554769679867,0.7064987875093467,0.8110779877605563,0.5096410987193044,0.2771291436339758,0.2342175063917128,0.627246520860431,0.8316293595717041,0.040393605101296304,0.5432085340677189,0.7913160318564686,0.5653795163716588,0.460338228183507,0.1947699399557793,0.5494395440596543,0.8021486316691859,0.7674086875775243,0.4933209587810796,0.3998325373050834,0.9479579503018186,0.7164841880771755
0.52069292394455,0.6653091647804196,0.22022562550478475,0.3002718544241063,0.019793835222034817,0.6470420404436508,0.104994312053458,0.4487250952923276,0.03197418394093554,0.3920467014844732,0.39050737656511414,0.6966940897759284,0.8730856033564938,0.07661849032324086,0.7141753231254576,0.03736822701637499,0.2451374178461334,0.7589264385933393,0.9125143011544353,0.6956720035177522,0.023621131351103677,0.7861947325323408,0.8474267502346595,0.3536269482665605,0.5349863734533856,0.45537946322618794,0.7972335643306039,0.4387946455488456,0.9444157586742835,0.6209746327245146,0.9471565040910356,0.4472664416510561,0.7109608153042061,0.8195580250806579,0.9914882567556735,0.9142676117624879,0.9352645464886813,0.1379140208351971,0.3684766160571471,0.5682952453741749,0.824510554709022,0.4900471278257117,0.1889888355192938,0.40881060032908745,0.42990275752565377,0.18812667992029175,0.49131049805827587,0.9328580702578213,0.27389368769960043,0.6933791256830002,0.05697290235024055,0.5025849015952154,0.47754348345612196,0.21517180374354083,0.6562917746569319,0.8934867935216142,0.5228055521324839,0.3900078917810691,0.25733940670484245,0.392306747625918,0.8401993590047193,0.6168790070658179,0.42836077434428255,0.42386541466533,0.9992443967566745,0.7513988012549827
0.8911841455374101,0.5777031450351781,0.3971938421008171,0.7683670387277438,0.9419650649508694,0.07826562137024562,0.9910201162985791,0.6908904049155407,0.2456419063925167,0.1964660226732562,0.7982689597001386,0.5539128519400964,0.33177027432199213,0.8358088368556916,0.6043124254912615,0.42098472282322497,0.971942452130302,0.5428613677457921,0.556695395786468,0.5053268328686601,0.5027873863432623,0.4897112966568908,0.10168440133604362,0.2597216035580461,0.07358569628664591,0.5551492806772134,0.023791172119562998,0.8944906573776565,0.7438227958569097,0.49166821569050073,0.1859579966807573,0.1587940800515748,0.3335431874642911,0.3069713006749166,0.9362554478422986,0.3777140145562381,0.93815728320956,0.4115334157056258,0.04635760035187819,0.6760606500935856,0.05939132367448807,0.7878614020147543,0.47772343706720255,0.03956654283909649,0.3753604391174268,0.422450578967371,0.23332782620721393,0.36511066569185513,0.27528327989755086,0.508036543901379,0.045948705331613326,0.9338408294900163,0.41814644587699434,0.4715923820271196,0.6784320006428673,0.8045393292042486,0.7396653088206958,0.7126235683567731,0.16701924206087793,0.46930333111774003,0.528177535072542,0.046663937077664586,0.4257372919634318,0.7395883256913927,0.4176440458051942,0.24047802304708665
0.24801341123015586,0.23788888813489095,0.40472172549375407,0.6983263711988296,0.8910931343305618,0.05880849045645753,0.28691102019551873,0.3127518808377441,0.109502237990865,0.1329955274204272,0.2400705635391006,0.7286974045490314,0.715708694027695,0.5784006107601858,0.6061303109073005,0.7863656924794454,0.48930380801358686,0.8555354095922025,0.3456233749274461,0.7060845519877044,0.5304362141289837,0.8568908398204917,0.024696062876323643,0.6575421039916668,0.9588968180460362,0.15539863113285546,0.6525445243494821,0.7161076587738527,0.19716587752034576,0.512796708896344,0.16276576069214088,0.8505564144877293,0.9438986546984662,0.40598565663505604,0.8408993306149002,0.5093666891914942,0.3437389383741235,0.767940080866175,0.5404756506619345,0.5768607966340238,0.7900149189085021,0.35946488951550704,0.10117548828595566,0.9558114547701937,0.25878504383571976,0.18906356237443267,0.9852445658580671,0.7997382181425451,0.06586623590612783,0.18041171807555267,0.7820959273644248,0.46596882675966,0.46289029216553135,0.8504060452567122,0.8960723591498484,0.5896425689763269,0.5440989544056888,0.10548496715480438,0.4286293733628558,0.28918456860452946,0.5225018359180348,0.38989429338423165,0.9937392374585453,0.4053807445806349,0.552185469021786,0.3267974124089774
0.9641049301906885,0.8490352359607669,0.9229758657682339,0.6816063173872672,0.43581216824128344,0.586293695411365,0.6343211249287314,0.9466361766990644,0.020336971922375713,0.5260669331413309,0.06717463602546081,0.09716292407955307,0.4253647552425135,0.5905918409202736,0.7158232383859378,0.1011895923995666,0.6696665192162217,0.5480168356841898,0.7160192770604842,0.5787039719796842,0.6923166267874876,0.7650018847289127,0.2114389905202727,0.6009367005944826,0.06282532083620129,0.8976739841123911,0.43740421539266006,0.9961051409248647,0.4762988880298833,0.6808806070035005,0.7689681372645308,0.6853555063770995,0.7265289313923796,0.3985355025246662,0.879879887609056,0.5110917019756342,0.8899514093462263,0.3219524214345443,0.5896071079108084,0.7396063295487263,0.5247051813701107,0.3884142937138547,0.937509523940186,0.9209055973568203,0.7915588564378055,0.6588265502429805,0.5164202918710752,0.07084659607473809,0.5372639400333621,0.6411549520099945,0.12230673716935914,0.20418193502754078,0.5459309866450269,0.39545035805471107,0.33234521441727694,0.09183316054605206,0.3603148525081453,0.4466134613564331,0.7106597286184162,0.7416912312978566,0.30243414013270953,0.9226549590454528,0.9591375269325976,0.5094684553772941,0.5817388863936072,0.00905769543335519
0.4801487494475545,0.9346035276261772,0.6690796372720086,0.7639492136290389,0.49866229589865085,0.3659468278567686,0.43602025723697246,0.5741442211401111,0.10316264752804838,0.1929309453227116,0.9115756594195393,0.04871869766692638,0.30793771776277223,0.030157055695887596,0.8922448289467781,0.9446282928979567,0.5137212171403278,0.5168044703161819,0.05624870493668921,0.797985650008691,0.5493373361660607,0.48699773734580476,0.6791712083343854,0.2949628186886887,0.8139092199868795,0.14324159807098014,0.5257410267835123,0.05788610012757367,0.9073575166321902,0.5222611834317671,0.0012809496321977022,0.4449428326614655,0.536328481118807,0.9810609215927952,0.18639007688658316,0.16602068238928835,0.41335586435807936,0.650742717793474,0.9497139503469904,0.00255164990635389,0.32897440588167315,0.806599986588196,0.9361963225567327,0.6858351364677944,0.5696671866963309,0.8852311620802048,0.8619952880809962,0.03616476904073218,0.37894288103192775,0.44289252007046465,0.21228587773854346,0.7941868700607428,0.21450311793171395,0.6940368941162786,0.13445998662499814,0.18626816937743784,0.1413742248669846,0.3949614376724975,0.04677377581187059,0.15725383978586305,0.8190417362066945,0.7447138888557218,0.24128157689986274,0.37684679106239816,0.19003997457001742,0.6638838766885435
0.5499345161928332,0.5799419309367719,0.15811325711232593,0.2816317379284442,0.9640110900440702,0.5365999257623779,0.255979136131418,0.7122843458976402,0.9495859830600568,0.9639471129178984,0.5458883419379638,0.2350539993632037,0.08553246941428427,0.9901392125431367,0.770589991217623,0.803912423862444,0.565592893529995,0.35962862689463393,0.07797489247027667,0.40937935059502184,0.05234066000401272,0.4293260599995362,0.4795836021231309,0.18996112696341394,0.3483962600259065,0.14684949829530203,0.5713299843817569,0.3482013178803287,0.35904895104096324,0.6249043516304944,0.9442055312182916,0.8647823443569719,0.860474870381192,0.6299406548321387,0.14339284755968462,0.7238432419849503,0.6590312114074519,0.2885848183743832,0.9961318291376097,0.863655385501439,0.8296452452991626,0.5819445325098658,0.6218453382573652,0.34902463749887325,0.8551060360536876,0.7457373594941459,0.4624455398471321,0.3252649878784899,0.6531060494180878,0.5232951293010739,0.22640615975649614,0.15831500259137354,0.6741682243632942,0.32884750231684823,0.7271000213128284,0.7915452602816165,0.48113370960861956,0.7700900222542939,0.2140649069017786,0.7570316392480011,0.47967464197995735,0.651893231284241,0.9452754413788854,0.46754529169107795,0.759334742016201,0.537111076742642
0.4291623962230815,0.3852374473591422,0.32589011224076747,0.17579857933808385,0.9770345384515738,0.4139732069092613,0.35836176967021993,0.6307498741121101,0.9497234072143932,0.394495157239403,0.507799826851312,0.7251199857637386,0.35668375169062727,0.8950746033878929,0.6699991262605863,0.5169942452688009,0.2714481017839341,0.5850340402583872,0.11059463331622821,0.8661220162582284,0.8642465874586258,0.3545017494204308,0.29852417153081523,0.79963196515716,0.7207684226702951,9.856155527613562E-4,0.31263516059475194,0.3063982385471882,0.515454588597962,0.7418297298697082,0.22625090688221805,0.3938281553120958,0.0383756344831091,0.03134434170079514,0.44580133880157136,0.7261939914025143,0.036662981240042636,0.16237578942266007,0.5821619044921061,0.930232329300331,0.3246253488738827,0.9143097612068007,0.06713339383247108,0.7015868940763096,0.14109673415484159,0.07297820263034593,0.392534877723105,0.1747714756715456,0.7882261798436052,0.9926660334281853,0.5456704773381903,0.629681691512084,0.17283335151037937,0.49639088286157695,0.9424700931265204,0.49928562223106543,0.9896184487225664,0.3178556295351588,0.9183934362379477,0.8159752461811507,0.934928872132344,0.9769498286774082,0.6272250034690979,0.6881615658390587,0.5204489297161464,0.4504028493595593
0.019177850392193503,0.13404848709688133,0.7680932401625082,0.25016799989317773,0.42226213017320335,0.6161217979656075,0.3105482563650501,0.5543437928221017,0.1346634936052038,0.9177410607729208,0.1963209593068007,0.8489144447261334,0.35091664887873436,0.5823241825486549,0.0038167194558832284,0.13331900204137004,0.6909464488658934,0.9959652753626781,0.7058838967521128,0.11883437116189055,0.5785899277473916,0.33592905383349564,0.09442529406873906,0.005984780362475586,0.7250005089047127,0.030315304150287492,0.47409195349583566,0.36566595585671313,0.01237502570479643,0.0782897214276639,0.7647376941016806,0.36839976966497145,0.1447336068004147,0.565628170264619,0.11422804384822327,0.10711066794022735,0.5350206873627705,0.9769229937154571,0.616359914175546,0.04104282638349099,0.03158579165571951,0.4536526600905709,0.7530638182602893,0.6519126799774044,0.25213996701028624,0.9764154588415461,0.7357234253712599,0.24811838832007005,0.4895750289264883,0.5599822581005093,0.007361932599048104,0.4788044230218509,0.38156964776950186,0.9414221929390651,0.7856084068578352,0.5268058676080739,0.7946969827330217,0.9144086932840947,0.6757716753750073,0.13797376388940452,0.6637868940771431,0.41691402784972975,0.06401307093837882,0.6141090362073587,0.8485849027561932,0.7148518669465488
0.21252365340938323,0.6477096412816671,0.422289196934191,0.5408295991343388,0.7217754480925856,0.40896172407421305,0.19033623593704185,0.8450230526480113,0.29933027645001353,0.6088820622053626,0.6528440325425022,0.8942883476128158,0.5803539532940499,0.3572462431041302,0.07041193920632438,0.8159768712888487,0.08189778302819517,0.5099128003844328,0.7705143020293261,0.3245208373332288,0.2411727391819254,0.8573805547336577,0.34051463059877685,0.291708965373245,0.8874566922213019,0.944893141226285,0.8933659698919789,0.02567266015388614,0.4279383580317869,0.5341305307075948,0.16335221872973726,0.6089552585031914,0.48971617659408484,0.7175048632210564,0.7917640752696492,0.4126380981754677,0.7533338669623927,0.47830366628486376,0.7961928328235656,0.9513489955598737,0.23764931317079319,0.053400585012889246,0.8821633167814071,0.5730798150923535,0.35149651362342804,0.7999802081232011,0.9521177129126029,0.08809214944833688,0.6145150315985598,0.3936998726423342,0.8942996350474577,0.33279080349656565,0.06768548307479061,0.09293836751203255,0.49287800179006946,0.8372970459286748,0.043523042842257054,0.4922574697231642,0.09068874428663376,0.21955487189040546,0.1465457848201156,0.6579294124304644,0.45726162080890953,0.6641548096679718,0.006548240093726829,0.7893594409128681
0.16733822260699316,0.8606620701320973,0.6103746271466965,0.58245927334066,0.6788769999929624,0.07408659498450432,0.7923006356262748,0.2845041768215746,0.2145791581602422,0.5992348752987114,0.7687963488914483,0.024732602147775784,0.4972593339948317,0.7110340850656302,0.4403569903572776,0.3809237537400957,0.36692359049465717,0.3645218616672141,0.5512524774119,0.29941576315007434,0.31620585329383677,0.3210452367226788,0.6974606244612412,0.42450249132016016,0.02085425797248136,0.08131491043533301,0.6037128516581224,0.6128749624755656,0.01324634521664203,0.9913119665922875,0.05249554107977674,0.909748688018045,0.7494525587858476,0.15364608108289568,0.34101416718418487,0.5455456305886963,0.4541553141991457,0.3248154185047155,0.16654107149128305,0.5754757388129397,0.29277122512492737,0.8079205364979758,0.39623242314906604,0.6290894410446936,0.6164117304709994,0.46073557799012754,0.26441336508503643,0.8628492169472322,0.2528578970788786,0.3306419640263396,0.1584949372530381,0.6159951732785659,0.07551287889262992,0.10078137913795182,0.3040998961188188,0.45845550632371546,0.3723357426513736,0.4858861759201579,0.34063900147143955,0.28927972033420934,0.8580484096910053,0.9515971693963674,0.9904934086677614,0.8950491353028439,0.5254474939449904,0.6476798594885986
0.7681225463324852,0.9099453515198261,0.91544094219263,0.24340249179788997,0.9498312725504514,0.4326342374393304,0.8004691990168089,0.43244006143956026,0.8305938369527365,0.6498496129689574,0.7222593560140727,0.23502059883452742,0.6312467330289471,0.6925368853700785,0.30239966365071635,0.8666311368798635,0.28752587994132794,0.6076441757960004,0.753011176362356,0.8654527435909484,0.7518383138956167,0.7671243968397768,0.5548322038258876,0.37479521228648294,0.36932222387730873,0.25543861808319823,0.8413201228336741,0.962153895986421,0.3516633379541563,0.7778277438826179,0.6299146898951226,0.12311235015345223,0.3652999121711039,0.4138456244824774,0.6753952623891087,0.6661664477188513,0.7750621545065685,0.1041236751025093,0.38530425876390617,0.5036468195978925,0.1399565274243726,0.10306380696302975,0.9336977304803628,0.9842681581957359,0.14471918347263046,0.7561322458556511,0.43702284298055727,0.7944356750261351,0.2689267575105473,0.8676543990850861,0.814711768721051,0.6282902989925971,0.1448669817236542,0.6134866099554233,0.7471198749614959,0.28057577995935745,0.736035488421478,0.4226679302728378,0.9647256581735341,0.5517627087117162,0.1800395846974251,0.5031308353859634,0.9550483961109333,0.3714656768023429,0.38285313528343146,0.7187773186598556
0.05752928680917179,0.8440415703837701,0.2257815917242284,0.3387022780057638,0.8316606799857512,0.49935850331577636,0.5521597163614649,0.7740736629662196,0.529935086917529,0.8920764356914591,0.9377187892650463,0.7941547409722838,0.4847299131262133,0.8343821390300351,0.6167239711792772,0.8701806935319366,0.2270262970392949,0.9699726475869234,0.835397105620221,0.2342783913896731,0.1949038972006721,0.10118293126835995,0.33480345510953735,0.9603443822459327,0.9610425856339948,0.6665054219984103,0.6272957263757344,0.8747731666745365,0.010997104005484662,0.03234929000110193,0.2237722877011274,0.3871540514110212,0.23780582767805292,0.8107417950843147,0.993420877634101,0.3945314757759881,0.48352732701649825,0.24377103321619772,0.3932825762010549,0.25755082852078215,0.6545938247389325,0.8059268159891737,0.39188621194961104,0.4727867464127632,0.16540341898721772,0.5670914192792038,0.5293654779969815,0.07278014641451447,0.7233684283103472,0.5317900930770814,0.7058866983228388,0.9737836685387725,0.7586699818293988,0.12440721349139827,0.9708789161896307,0.4609442797910671,0.12326356865631583,0.22542900652274966,0.7974712294682768,0.7516270983134203,0.036215315497182266,0.6803741566683157,0.0697074093117589,0.10981115951396203,0.636239879464461,9.247701968627421E-4
0.2845213058418993,0.2979650769344947,0.9173494398861946,0.05687297215995246,0.27612071717627285,0.24753594276960889,0.2698121289386941,0.9178479501309352,0.10734138958012907,0.7051627758069565,0.32615749307952313,0.6453928273076855,0.6406973415029891,0.26895117484592446,0.32075559601215076,0.7588087695283631,0.7012670585820904,0.6676232165069766,0.7115355040110262,0.3022883566651464,0.6742194079480497,0.355082442854176,0.3836977503274964,0.9262098331127554,0.8416979363761243,0.49391146574979095,0.3578146333813721,0.1620664314227337,0.7569447279355365,0.18354489228246307,0.5585013849854445,0.11835617328351855,0.4779608124102439,0.3523380726786822,0.8648797760035781,0.1538589881066066,0.5386627319735339,0.07747778427201756,0.360345537708722,0.6950798563407844,0.1224097842832953,0.22265837687723533,0.4266892693933553,0.2562381193033555,0.020940300053160627,0.1906725980542866,0.08641036498956789,0.893034613029147,0.6111692981696264,0.27654370325007815,0.7871016701462092,0.7755297303008838,0.26296381960445714,0.5765513744391935,0.6430724108354088,0.3008175197386044,0.30292675992030793,0.6594808543963117,0.0019157832766068111,0.18278192488277523,0.9023835430644449,0.23865137022410632,0.08751613642695988,0.25407328084556247,0.03218040838184666,0.8967559947455458
0.38603059927406447,0.2945444997567962,0.9325668547635343,0.5102723242915447,0.3876684772062946,0.06073788849984341,0.38334927903062277,0.39617933667361926,0.27463082674071415,0.8326156253565553,0.42766629587127725,0.36094258778200805,0.15436217555742782,0.21657752664971208,0.10215099783233283,0.7702067261166117,0.47730464082950297,0.6479122410632084,0.15690883906219621,0.4773602303641501,0.3496345206962298,0.021179217271694528,0.7106541262744982,0.9501145089410907,0.553999939433589,0.14361999719499563,0.27951263156311457,0.2164656555517671,0.22506752837743704,0.2545494965526397,0.6424108170820687,0.3148838403223476,0.2917250437870049,0.6827793953883285,0.5616374633586817,0.7783017864477834,0.9940758561730493,0.8244769014319121,0.46407655342750365,0.3074506842817699,0.010900407847560412,0.015464209615067948,0.8067750504707876,0.1963179194146003,0.9920487699010541,0.5448153108237817,0.9999227109699346,0.26097792160664035,0.5802673672687704,0.010708350669007771,0.4409856046755083,0.9927740012422928,0.3282523084863199,0.4548435230653799,0.42564861482338356,0.4078054775877339,0.2692603584536897,0.22833757699777257,0.44438682782157546,0.5969009123191247,0.2833980909791971,0.33985815338093106,0.6478990680118412,0.2937351007344642,0.8167486539301875,0.11586228121011587
0.07030163231065978,0.8734736036370916,0.9567845939838746,0.3631552873416045,0.535893727546948,0.07030572963354553,0.3450541249538578,0.8655874388732391,0.043470667248878714,0.3594528762886514,0.9169178083650618,0.9695578722668204,0.8215745501919217,0.38771597350298415,0.9981509662563993,0.2170962281151475,0.178736290202406,0.05635247764637452,0.8595167877288816,0.47064459025652805,0.7346775033998543,0.8610496464960412,0.4329539011211081,0.7402633555002506,0.6116036314583755,0.8759873708550526,0.5268110181560686,0.9718366831586519,0.689134973419546,0.3324609207486885,0.5426010470459497,0.3839544166129476,0.08208569221374995,0.08725966475232771,0.39203520368387546,0.5514989695556947,0.5872148523327338,0.40197517721800713,0.04063750799373467,0.3255675672927837,0.9632381752705966,0.3616383816468678,0.8630284772297856,0.8522112038096372,0.5578026718894259,0.949561698919351,0.7850063678194582,0.4065737632162303,0.9757905674852904,0.264989334081027,0.008843390007566614,0.49436617291972884,0.19523327472308505,0.6211347509972808,0.970752656420804,0.6892116959072783,0.7802796933170769,0.29341139949205775,0.06327181006983251,0.9722506638665768,0.6150777751811406,0.5011390972812448,0.570347358240577,0.919493796532907,0.8880918421340903,0.8007352326213394
0.20919337622343204,0.94276555006389,0.8932924887897921,0.4443761336491491,0.6505370970828049,0.9316796488336319,0.5828200226689487,0.41534102878232015,0.397652942067807,0.06694143533362296,0.7051359872002068,0.7897271082775426,0.44462587719927604,0.27937264257328576,0.7933422909491711,0.7939512098786414,0.20557338534551362,0.8144057131756299,0.2302602677503317,0.4284295617469899,0.30909541786961414,0.6283968104004384,0.1100274443050695,0.8100545959095712,0.9860097860283636,0.8909578119184098,0.6403826056807835,0.44956313473907517,0.9434699426944795,0.6966093438420164,0.3854746605592896,0.5246180805474183,0.8148514775188886,0.19940835749445152,0.7359443815034169,0.8354012272136384,0.5023318810098831,0.7758055440289469,0.6111927589200563,0.5367421976852513,0.9878780644277357,0.4938389425855605,0.5481626380910569,0.9292845278862888,0.4783947265366697,0.12087241546973515,0.011625902262325008,0.5619167642469243,0.07207563684233187,0.13743842031799847,0.9728811647339511,0.6486728617421232,0.48553936222763094,0.741346796114609,0.5469316690818901,0.33553286925647163,0.7651196216597388,0.6240721501122362,0.7526272192592152,0.666031370716552,0.3207198091854405,0.3805347335737045,0.26591769465201953,0.18930753734190575,0.0669301621417786,0.7737404635409525
0.3732798651351401,0.03020764148701721,0.9336449879135656,0.7173480703822959,0.20054347027998753,0.8982770870851221,0.5172067702905945,0.762082403475808,0.6917564817543262,0.9509555353030585,0.18314264332732977,0.07601453167332617,0.7433931822090875,0.6460157198136202,0.5028480459685354,0.39408127833242257,0.36112360804395005,0.7192624481933084,0.509111496710708,0.1788176488300396,0.6995259629137904,0.20573545094714074,0.8891629769262703,0.2821280261683988,0.36953832895159633,0.9861359567819832,0.8989682633413629,0.7270227153191676,0.4541100234890275,0.6849234981982881,0.47877993325805435,0.8385987766287043,0.25942646671641567,0.8725061671133494,0.7774952442669435,0.8451449793421978,0.9472464815822483,0.43117371885021116,0.052159790905776715,0.2431027967388112,0.8433038085263233,0.6329001322955977,0.6989953625093528,0.6737164427926843,0.3973896474272479,0.9468679846898801,0.9936190906259683,0.7945571168681823,0.48264673451268336,0.8455443659313748,0.9706602741504776,0.6457073998293524,0.9647694351286085,0.9103639865035849,0.7567700093339967,0.30824412150703784,0.24621838535651763,0.3515519581299802,0.5860584097269811,0.23175898087666913,0.7962227763877139,0.6513455736962434,0.6732827135543475,0.4680081150328088,0.514256556076062,0.4158502540366744
0.09764864721805033,0.18938304561134345,0.14283980376259708,0.6779921147481679,0.8588771119596046,0.2937475542710156,0.844929819106374,0.8325057324227526,0.30722628250828543,0.6012856659802336,0.49183120532908164,0.10362261420167762,0.2204494855900424,0.13435875978007927,0.16946775756689514,0.9471018301731645,0.9032071558890926,0.23797012528541106,0.9040231684707093,0.07047156334793292,0.8182409336213953,0.8462875662343977,0.6323719839434748,0.8188264508934151,0.42365680751987633,0.029776317854937007,0.9983857880401338,0.5182521125945735,0.08695336250213026,0.0678452359952707,0.6431138446852571,0.994925182797498,0.17397003140158696,0.6835121709886254,0.2750017198177578,0.8951632569707834,0.6697195849985496,0.7494445656744639,0.9557251885909691,0.6201763129371202,0.9781079510060886,0.7288337569611844,0.7178807203559546,0.6589969696272376,0.8688336571982515,0.3499129419723598,0.8426884640164231,0.85404430254605,0.8922981977835007,0.5295299947467883,0.8690267983093342,0.6660018445016951,0.9671476405927416,0.35903806770265756,0.6795325009802838,0.818167535894225,0.2601049131484048,0.04486864222796039,0.815164065157356,0.7951592472257175,0.9240412753715209,0.056502945943410765,0.5065399050533049,0.5468369229605179,0.7377745339024859,0.37615936954385354
0.7785274176072053,0.40552820682990354,0.1998704994285454,0.6673662730844864,0.3839726251107506,0.6631213788184198,0.16876366806134468,0.38369051486602435,0.2531245196833066,0.47431573436610697,0.7128013488741927,0.32424452392051817,0.6072219083479592,0.7532966305528533,0.4363555201200925,0.909195426170899,0.8778751613791707,0.5133281184978268,0.18193518899944616,0.4963518093336692,0.09828865645176277,0.6622334149469964,0.6732707183394142,0.3890051049053318,0.4880343927389903,0.6114599494334849,0.3606319340653469,0.7955541117235188,0.5400008050682605,0.18240140104672198,0.457179173574656,0.893042910460986,0.03630543084132798,0.20087718404810784,0.9139371094245181,0.31959370944779086,0.06937348141768107,0.8591450918214708,0.8710190425408393,0.8748179331010828,0.32504895685682555,0.3945500011511832,0.9440191706868853,0.9426404100677407,0.5965188265351301,0.8848880700783911,0.5570290192035945,0.16757303624546582,0.7409947281271881,0.9927922134344845,0.417523395513519,0.21332566959229848,0.06551105695223625,0.30492147431454275,0.14340033242260875,0.011744084205726119,0.433861892566324,0.506463156255567,0.9987484917286017,0.7704157772424487,0.22361363488238772,0.007433435029442603,0.6724545395585639,0.14888631742445746,0.6302943352070033,0.794488543708461
0.04255218818108031,0.4362805695001405,0.7152742530418246,0.22043532009415945,0.909253510394304,0.2672243071873326,0.024517062833917136,0.16335628401308078,0.7508921964526022,0.39831376493389903,0.5672942787480153,0.4882412845085017,0.6595477850127375,0.3339817726421964,0.43712021719846184,0.02624379724901077,0.7469084324961757,0.13846119592061135,0.3815787304636339,0.35015730279116597,0.4759694478147599,0.5996472995834572,0.18337658145153168,0.4694327815173477,0.5704532964719086,0.02101314622166367,0.8018731158468186,0.19403585009967594,0.3813761699590976,0.30933243947055167,0.8424992064894286,0.3236679050113803,0.8489756821106834,0.6988172596608578,0.07089319377221825,0.007352648492555333,0.4882519716432263,0.40637831165438865,0.36924504855288487,0.5881156294835618,0.1476654699475487,0.7480679223755398,0.7442542329642201,0.9984614939136679,0.6430717179716366,0.7633669639183415,0.7392712430965599,0.3045792811696365,0.7527643351783878,0.19182868228371364,0.8776057688240622,0.3106837725027064,0.4745350427519569,0.725693878828356,0.5696499798823198,0.22962676580055996,0.8919494656781204,0.8224437481122738,0.25337807113234634,0.3018885472646726,0.47457625138040804,0.0028575819485325837,0.4059482304164118,0.9022872553905449,0.14569611498727653,0.48299498921398887
0.46354681411356524,0.11221951845533584,0.9910562962744858,0.19262300397931553,0.6172787789476943,0.9549726768699581,0.05352557430764893,0.7179605441534569,0.9148221006894802,0.49262551172959024,0.2610431606400334,0.4732143527945185,0.09072872842524815,0.7652808759457558,0.16904460039689684,0.45323123341863814,0.07266781405304457,0.11685016968443152,0.8635867791526819,0.24869434532481083,0.16657155587635397,0.7963361868985974,0.06768248821158707,0.6156413944480872,0.5105580633141219,0.849537503441718,0.22089510475688567,0.7826854742481432,0.5056692489058707,0.22332387802165288,0.061032306754574606,0.8521698356228208,0.5808765529820387,0.6931092696109399,0.026816907183860206,0.10558992000961709,0.8304705156250536,0.6938746861664786,0.6217022727066571,0.7589676602229437,0.7738652332208279,0.3860708095019637,0.7315383083102284,0.730464163375371,0.7310115803919539,0.3199557987480047,0.7725837148161655,0.28036890755136024,0.0810286274897487,0.8754011435043576,0.46139870605739797,0.9627048060293028,0.9773254291655997,0.2489243134870579,0.9444417430770974,0.18804034884485898,0.9293999556571702,0.13568390459952218,0.0027327815186891577,0.8387014003561611,0.029666373356912024,0.41139955825981567,0.05573484341295587,0.8004267446089448,0.5030751966090433,0.05763514914739387
0.7286443430412615,0.9786132112712442,0.6879553863184464,0.29361063481462246,0.8185699478646302,0.35264774414094235,0.5184215849418903,0.37868454851899314,0.5976189518950671,0.8884252567543136,0.07185317765104682,0.8318751307586516,0.524698791020823,0.6770026094721807,0.7693667514146845,0.8782658196463826,0.6028807786816786,0.4964408781327181,0.3728668440680527,0.77686556703197,0.8154620621317885,0.10423928997607823,0.009174442675536132,0.3104731786082058,0.301400591985288,0.959366236949531,0.06989645589945559,0.12531956449380507,0.18958768606478468,0.745743686332145,0.9851135441638987,0.7967394582596042,0.3014608190276107,0.02314355659081868,0.5496278759258685,0.46685028688866737,0.2527492905770178,0.56680572936864,0.6924262360367407,0.6511926529426691,0.8376838962399892,0.4736890356213638,0.3231780302297165,0.3435130885143739,0.9627909841762494,0.9111183157081726,0.16400189003367782,0.8613468885452474,0.8124303441960903,0.46269187080630103,0.2803987293264567,0.9697847594827317,0.37452529595860606,0.38666543818478605,0.36216261662822924,0.6967840498400814,0.9324727696300902,0.7436304720794376,0.6732457038826775,0.9106117123782087,0.6380097195669329,0.27315560869412514,0.9889669711076592,0.1684825348210991,0.8198517879000748,0.10316234444866945
0.7696185182929014,0.5651832127011085,0.2542087151625957,0.8611571165882708,0.2814379705125747,0.3114489351496825,0.22582056439484943,0.5230436203233676,0.36907820988685314,0.5540858917045012,0.841947269592125,0.3830910487078496,0.10812166541641874,0.5133096357098802,0.7267838558484611,0.8577347579057936,0.6218483561431908,0.3574960290959994,0.9200619428889207,0.44623858315382803,0.933382528707405,0.36151765282639736,0.5311378713561106,0.06284835255398569,0.8425062766094461,0.8020654831229395,0.45865625243343466,0.12791860889798878,0.4658418991150425,0.7318318417667946,0.2759174887102983,0.25959568309363423,0.2597704103849192,0.24415785249350108,0.2033661277353218,0.14299200337653728,0.057365767761993855,0.09072408246457353,0.9421566119698813,0.17038791516206386,0.8937900606810295,0.5470909650750229,0.026541767240365333,0.7438489586068374,0.16900803739348114,0.23437101116682402,0.26786824566555445,0.7107483200294885,0.0023437323550193345,0.20004193025211714,0.8092525810963712,0.2630352007381308,0.47031582540084516,0.9368864927262288,0.2875504709294343,0.7726919183148988,0.7873527645194748,0.17627099801470114,0.6080207327876922,0.4586739365412048,0.3884025270497473,0.2304511123311972,0.8771245752853333,0.4847285066285687,0.303115726488148,0.37832065208195664
0.11019025001707261,0.07283923947369308,0.17319547078196984,0.2899947343786654,0.4332114403445272,0.48364554970045137,0.757670602178284,0.7678459788608352,0.6318375451146556,0.26303737175804576,0.7952639321445526,0.14508869730043872,0.06565269459589207,0.9832271102106046,0.6486903860630856,0.527732508455808,0.16212954421893544,0.8169524172918984,0.24263414138859674,0.6917036111332231,0.9321826872203387,0.6750650100849284,0.425318825101069,0.8541581769581128,0.208036101802742,0.31061206119379436,0.03299716960649035,0.7264892681470354,0.5941575559983995,0.7466185485613902,0.6173523552307494,0.2262550719207905,0.44330236978480464,0.6201303148991304,0.007716282680136868,0.9762325766395648,0.5222477268659982,0.5516791165996221,0.623174246489915,0.2510278348327434,0.41558792120191157,0.4471829289549315,0.7240398210785646,0.34515015951731076,0.1310000323103696,0.718395616652587,0.5978476743206615,0.43118439439380574,0.8156784341142488,0.7683721646027211,0.011925862634609513,0.8526715868296396,0.9711757100970326,0.7300173738134778,0.13277372149963496,0.4535357110137568,0.06267656252154497,0.36863671782599194,0.5118849913350273,0.9843695600168774,0.95877048156946,0.2635105152022482,0.6683203881438096,0.8456205906895777,0.20907781839856476,0.8688635637961837
0.2602473109474599,0.42869334602085674,0.7696230572947201,0.8212040794780692,0.8308292285044049,0.09821178618337545,0.41963826139137683,0.9078575428950467,0.6382601904109416,0.4221617360895614,0.7785183727955232,0.44062223785603216,0.13540560132122104,0.6013597502359197,0.5279396939161685,0.3888252088879647,0.2514225600420158,0.17567163703443367,0.17169139034269099,0.517658773055565,0.7458988579668461,0.9916302115078318,0.4245589722819645,0.9505290313108226,0.5554625420616454,0.10457864538997474,0.11163840644310255,0.028250070622347467,0.23347875739639756,0.7581919061828543,0.28074752002910464,0.07326819176117683,0.2953642672968928,0.8352059760530556,0.08314149070547594,0.6837029337123902,0.5252142822819674,0.20541053384796903,0.8615274213515498,0.4798425039143651,0.07385024257160122,0.21043766445190404,0.7994126567761335,0.8048334379233913,0.4840611624444373,0.11960548428389328,0.4321102002745665,0.7416552319946905,0.615725568234989,0.7670526272994026,0.29726382014103103,0.9500729444187278,0.8116644003701151,0.7376252174064818,0.011544577014481852,0.2501115060825605,0.5444902544149197,0.4074556443536034,0.10020906339773694,0.582697939523723,0.2153817660651599,0.8648978812621289,0.9774996359215072,0.9634683600014194,0.7376258020059693,0.23846160102624148
0.5784050458627881,0.31233923454543255,0.030935127463586287,0.2406132625042816,0.27608932467909464,0.5892925851911108,0.5769623150503526,0.7997891706334894,0.8843362245000083,0.4959276867666814,0.7420950846808253,0.49769222892249243,0.7406447009620851,0.11268282733367829,0.660532592566829,0.15492019743571128,0.09315088894649037,0.23323175842065713,0.08880573564640226,0.3152002417540164,0.27334039917149333,0.8304121672403446,0.792319070288705,0.5669811398892651,0.42655431625991314,0.04214391700813225,0.7051556156762112,0.6108606416044176,0.8935810551366554,0.3011471743303169,0.3163002409168073,0.7323026032646966,0.689165298208099,0.748871657402955,0.47860104815259974,0.8713245820089124,0.9070545183700567,0.8718999951831385,0.11120255772071863,0.7943134927856378,0.29624236410253846,0.37818967223226774,0.07184823192801537,0.9678534112214298,0.6993575786868638,0.6908696417863165,0.8123642291452422,0.6104257871256984,0.5216857905355136,0.0789092096959999,0.2988001883435939,0.05506990376999754,0.9081008766563237,0.3668285113178208,0.07711694827299242,0.9945663074777834,0.8452217497705861,0.36972101874034835,0.2959750176663988,0.40043465820492863,0.9773989268743002,0.6852107869779944,0.9600921069123343,0.908011729834827,0.5276749965886225,0.24056803234515867
0.6808014600812415,0.24210381468060138,0.34865175296622597,0.04105861064903926,0.7148574392556588,0.8211830366969087,0.7932359009404771,0.8947042276035606,0.13819825858120305,0.022824267359478012,0.7915242476241461,0.49898239936884237,0.5882905333938444,0.7190557245529238,0.24762863603678986,0.16659553323861964,0.12684345866412639,0.5975228917775435,0.6290294970297308,0.6402916683984602,0.424095483955498,0.4728419988480239,0.41108630735139595,0.9008194609941064,0.6465397352788126,0.2622458046166768,0.8606223395640179,0.6074524993074352,0.14186865033770846,0.5506011370315486,0.4950395538522172,0.8271195125038066,0.2580824908865077,0.7021038856735089,0.4372095850952923,0.006027845616982324,0.40812028258324407,0.2894342885455047,0.8014247523219474,0.7167704801289182,0.7970362049887638,0.20588103381698752,0.191982809611429,0.5742569478515404,0.06565764251966988,0.20192021546106675,0.3735180707028799,0.8554112097167689,0.47282620321512514,0.7449611716102836,0.18098021784331342,0.7804304371802724,0.13773643415208048,0.03944770577419188,0.7772017661652043,0.11750075505090352,0.29455117054105784,0.764230385985526,0.4372837659611586,0.7582168128401097,0.47338648593026966,0.5851013937905978,0.14156863319464374,0.17755445637208633,0.014923489648206556,0.7826104669429338
0.39275783481430426,0.24009683792541503,0.35031793648773357,0.39875704273674173,0.837771427823952,0.643315848876678,0.033742958096474984,0.15087989284503422,0.47123554018461133,0.3990624044665442,0.6018142126641076,0.9870425287436618,0.425022700615986,0.14602109141885034,0.952310644146519,0.5644388654367763,0.6070591407768132,0.7587353634899421,0.08401831265476234,0.12082069676134999,0.7426522845791419,0.6729118147981672,0.7201888731546926,0.1786742382108668,0.6928807096947183,0.5820633837801108,0.5500180549009808,0.27285064845036655,0.27712774766059345,0.6771526821249504,0.5657136808519613,0.4245809924692785,0.21062923323557758,0.3987485378473097,0.2471371832517446,0.3982833508397917,0.18294467441146545,0.750310175772985,0.15166587282546318,0.8722961097186439,0.5495505040618949,0.5815651060292001,0.803838129868812,0.5306479153846667,0.5862927639251275,0.892548447328098,0.6475070915025267,0.7402014772070661,0.7652260417124418,0.13172270798700536,0.22264288659562614,0.9159850718760081,0.05040410323439448,0.6656989017008937,0.6595871583551111,0.8972517866549014,0.7834772274785465,0.08343125801668394,0.04547823577893051,0.6577836436534311,0.33148977066948704,0.764359441527913,0.2107286401270555,0.4561837595310746,0.3030609731384265,0.18782363696903015
0.007851439639696478,0.09537660922953206,0.8041710545743378,0.7901797564156349,0.210595329298222,0.305263013131295,0.9010631425349935,0.7863927344734953,0.7482629290209994,0.38845282128991654,0.18531166713624825,0.2644889755485387,0.10825054654038557,0.17622488336681608,0.0948958894426567,0.0340986531059565,0.38926181712437535,0.030340809165070537,0.4351569312736808,0.16442181014203106,0.6683116213419779,0.09606506298999784,0.36480546619423104,0.882302791334636,0.05655090878986102,0.2627207188008033,0.9646864674759805,0.5176994045703395,0.062106879466401144,0.32033692274987935,0.39079625546061725,0.48168474483289825,0.6525472795474545,0.6144206157037307,0.5280863690826668,0.8412213519533055,0.715241336295882,0.09561113860083825,0.007877739339340245,0.9152983792950128,0.450804500564581,0.03695381043246615,0.4292475089585793,0.45862493927948644,0.6029772143994321,0.8487543418950798,0.6335405021384596,0.42192324679740123,0.3277031637005099,0.3594528726007207,0.9211956498483806,0.981967860634689,0.9348357374902745,0.6506828646318754,0.17136729463557132,0.5198677985837181,0.6978155596989228,0.035656955260853884,0.927360177666132,0.49269087851840143,0.419826449792402,0.05224771034496212,0.6446858137172132,0.6913804243345918,0.4693509009119775,0.4056086990442317

0.44776806500530236,0.19119702705269337,0.5378906379452179,0.6240879002665616,0.04834974556523981,0.5220052294466867,0.5702681685077835,0.9288973930886328,0.37398534427167834,0.6451198031583901,0.6038817202374458,0.8930243341391546,0.26747063341864724,0.5499552094108529,0.9563786595198208,0.20702078952992334,0.35442239726980623,0.6841466523237411,0.32819808457406396,0.285360332001347,0.8297164534532935,-0.0016317535868382645,0.9305544052847399,0.5302318675303352,0.15529594152104534,0.7929404422941669,0.3818622136538389,0.491131950157808,0.06147023818996063,0.36698983321065004,0.40583547266341885,0.48791336321035933,0.6588640004862188,0.5500254514615247,0.1701607857064857,0.35967404897113736,0.9144646790574106,0.5561480642930866,0.44155274451233006,0.8778464101206531,0.22275614822028617,0.2427097743127015,0.6011711393908259,0.019074949989970228,0.31171508254822927
