+-----------------------------------------------------------+
|  this file contains a neural network. do not alter data.  |
|                last modified on 11.06.2020                |
+-----------------------------------------------------------+

each line contains all weights from one neuron separated by comma.
the last value represents the bias for that neuron.
there will be an empty line after all hidden neurons, before the output
neurons start.

learnrate = 0.1
# input neurons = 65
# hidden neurons = 44
# output neurons = 1

0.5660941014901996,0.6769846635886351,0.6578826653889676,0.27309093631385617,0.26615787638556,0.30534087972629254,0.11197903372644646,0.9791019659368542,0.40589636881278224,0.5466833030693746,0.7722820631955399,0.7880209954547203,0.8362367682987951,0.9742926615747864,0.2858421639286173,0.8468532792408502,0.7338703456778921,0.8679017318874681,0.21128995110475635,0.4277132985025135,0.8770939766072346,0.2684867519142544,0.4753136887487749,0.37736719878611613,0.1138941078996153,0.35964737297925653,0.1878372942888965,0.5042799544106585,0.2802384498076088,0.6525345342725769,0.9122431101446757,0.6599117428609159,0.292360859871873,0.8624182061555933,0.15592886299324205,0.010265691740119043,0.2588949253296309,0.6823699118091957,0.6716831183784715,0.13919679993764011,0.23703256033809772,0.8831675983516549,0.1418095135946773,0.17675043158817305,0.6914535444485257,0.29841353396830295,0.9546246118987346,0.10380511753434374,0.8055932008925966,0.2899882348906948,0.0769004357214359,0.7485540771911813,0.5418846667272549,0.23134688258703673,0.476017044282785,0.7608659500073254,0.750933256424034,0.394796729179832,0.1520367365641372,0.02732433114096111,0.6891505689742871,0.3837776030243244,0.6026060225750689,0.572752625111843,0.020196085378697326,0.9122998065278451
0.4625375286172879,0.9832892638505052,0.7476446296432868,0.30107694806066476,0.1351186843734804,0.781585367399157,0.5546179704173283,0.5335236022501586,0.4636397504203601,0.986455660275494,0.7106897805181193,0.09467111501526304,0.8793288003511186,0.2973203924178355,0.04719271890421661,0.10218709641086099,0.005826998296330599,0.9580343246349566,0.499127310897284,0.43106726187442257,0.4005322264229181,0.3752067811508667,0.3651923871424697,0.6322011434105581,0.9695847998224679,0.9928737650183025,0.7470271430195008,0.44989570720612615,0.6059645404859377,0.7583922902175446,0.5945751148493772,0.6545741262204793,0.7691130780400315,0.7536834152703349,0.40655104392417163,0.7242494349308357,0.04969149539332485,0.21145934650135156,0.9133113581143045,0.6320056860210601,0.24452770652424483,0.1878275999746324,0.00399982543321642,0.6266022820635752,0.10450424975061035,0.6206723146775794,0.7506599469172894,0.4294495942983223,0.7120818968706275,0.36747170540071317,0.6290759899974256,0.71358699755255,0.3953498815344825,0.08671762157803953,0.9394250840874204,0.07892730011266047,0.19193896854176118,0.5038614269592423,0.9893928368409256,0.9929142895590458,0.13882900456166236,0.6857178035148597,0.8182254510088509,0.32687295882303724,0.08302748849973052,0.43651674229521054
0.11226147869631731,0.1857144590857961,0.28329150689809124,0.8243005315094982,0.49080685732849494,0.7022916463445478,0.8045103678212208,0.14812165192670002,0.5257869102239555,0.3475823424177854,0.5940616426401837,0.36450431384832427,0.6994296074238366,0.0940117812891933,0.1733988058629642,0.10589089697490861,0.0013044517480599316,0.46160742105300057,0.0783237122251963,0.9443016999428937,0.01936178991690196,0.07531288537312031,0.5378426319216123,0.48019503116917617,0.18918767215022003,0.8666698737411636,0.39419983837394657,0.16952148375059384,0.3315096853445676,0.4642103675418361,0.9356281212202434,0.5412251088267492,0.7300592859163404,0.6342839897236983,0.13855066304099917,0.6029510809110779,0.7802168931520247,0.8576779630077579,0.7974144998894551,0.7844780158137367,0.6734360015177183,0.25727029148767344,0.15803052462961853,0.7264002723803537,0.673262873930675,0.128089639311477,0.9642406553595039,0.5858439659573175,0.28583882357288015,0.2635374657520092,0.2779283357273765,0.3015077196859476,0.031092545320178577,0.12016196567954418,0.03883293155531853,0.43707733147668126,0.5803997636191268,0.6182552796353338,0.09332526613429781,0.8050713328263011,0.74230824589412,0.036678154293128595,0.3402454880579445,0.06243189031850982,0.14999660350144683,0.027700199121968083
0.7171006526051072,0.8646838586849144,0.5324549082368897,0.2512750752141625,0.9813645571096609,0.9672419942406052,0.13594659915252028,0.5080542236737521,0.6293172326268828,0.8704548082353001,0.2031301057085334,0.5365745653420311,0.8388075635362697,0.21923070327657102,0.4142904632976697,0.8324388701710278,0.02251701189496713,0.18860024686945343,0.8484499258638778,0.945940266092196,0.4347485234201819,0.5133263084687664,0.331698163058992,0.719465095701974,0.28745915338108696,0.652681230849775,0.005902238165135465,0.8371410941029742,2.0114108321866997E-4,0.8207683257553392,0.5730272376931761,0.8765807720086436,0.533830832578082,0.25827271969095644,0.9486182568002337,0.7762027659263742,0.23929040181456185,0.17328433074449823,0.9925654928122084,0.26149649365831573,0.29046264798086996,0.23684368041653958,0.576093809783878,0.30972850336095525,0.5640444300800602,0.3831188439216976,0.49098881357437063,0.1749715786176761,0.7795795686409533,0.9346300123309856,0.6103917292436566,0.8439703925366746,0.8192374628023906,0.749695509363024,0.2700656775232524,0.04824087193508142,0.4096188215895763,0.1722812988246053,0.05485621527465012,0.1189321881335611,0.766815401974474,0.05369376904988021,0.047139429937147814,0.038364203757841886,0.38114588723135534,0.01106284348883324
0.12237089373865884,0.015785400922630477,0.8494351761752575,0.3893214770239306,0.061419701200883026,0.7947791794450035,0.5503999980529113,0.1013939747074577,0.09019135333628725,0.6858794525602999,0.00264895056716985,0.6355644692128878,0.9541141408211516,0.010339026342693125,0.9450000926814864,0.039504217562319144,0.7883838450750911,0.23962732604278325,0.5352649290344186,0.6171943618027519,0.8544316911352132,0.6201165102586348,0.5763428516060759,0.40798826506502306,0.6789010561219022,0.48354812905107636,0.34741525905021686,0.25631606337365953,0.25348870199390305,0.7612551917174842,0.4432238038489583,0.4260410569805396,0.73232635058989,0.4437473354913408,0.005863073504752236,0.26523595329998817,0.4981491914251922,0.8571492958039124,0.8712126913158996,0.3851545464547468,0.5593177990304067,0.6641165322432278,0.4460793514453364,0.18143226378593746,0.98683044180054,0.43923342842217883,0.582314847522718,0.296056903918243,0.5037831135086968,0.5175335928831424,0.3206211178704882,0.7954085360808463,0.3993049459376329,0.5696635096366752,0.13944898021435836,0.42267562671978065,0.654816713175966,0.018344457194479857,0.2633420892124839,0.2722118298064983,0.5425306451703923,0.9781698514483768,0.6602735243560973,0.6289061011737666,0.9844304320976653,0.8744081013335061
0.5889672324960621,0.5173966378970613,0.6445397064100452,0.27636417535477353,0.944892141277543,0.7139662733618973,0.0681087142708725,0.7669855570879475,0.19756215854330084,0.5882158806101102,0.1784180857019425,0.8627811617720927,0.4119699865566663,0.16211913183556914,0.09521999385514146,0.09675460234986699,0.7034289885757111,0.20082022168202018,0.5484064158745638,0.3819362894144833,0.48779171730530035,0.9825441875503512,0.1263150682968024,0.6842309886904716,0.05795954752833665,0.6342468044146972,0.22015375798023673,0.8506810558978711,0.3427929135974076,0.5651390357809724,0.8043440357112083,0.16287783560900815,0.18597742656935667,0.5819790456477077,0.12715558113845427,0.8151367192649683,0.12009556432658608,0.7280322971068196,0.9768229990836851,0.053184184003262636,0.40510007361378697,0.7518581756208389,0.43540687718197013,0.15148794227178697,0.050579463597469565,0.38258940219601,0.9359815647612972,0.7559940180588556,0.6476521637521319,0.2651283628468267,0.9983019907833905,0.3739175908908515,0.09902041380665072,0.49169213749842167,0.2339227177757952,0.9533670535786523,0.7546613264261961,0.15539610454870556,0.08381222792463527,0.5629637931999765,0.03582646311959381,0.2470734091251654,0.2798260344146333,0.1552525348942544,0.36146798046180884,0.5182857143309336
0.20597254771550633,0.2775807410798019,0.07890375150199957,0.6414885220044947,0.17622565811822966,0.3802572564245065,0.144479765194803,0.11257162489165162,0.14270863139173295,0.06418430363605299,0.5001828130324781,0.8615040069085407,0.5013941704837118,0.20878899886891955,0.4486025944714822,0.4635691213783927,0.47203546213537895,0.4259636441970692,0.8413368415997693,0.1766855085077057,0.9948638356073838,0.6968568419701034,0.5648790378267571,0.769564573371887,0.20865876170204534,0.365740394090311,0.6332231476909741,0.2509656850907176,0.3531160291711921,0.8888093873709192,0.17786554153112266,0.1620664607253144,0.37301060376226913,0.8656563142780672,0.7635789780979101,0.05197368526124191,0.5924706657815533,0.9172921374336058,0.752279663196234,0.12065852201397065,0.5747501401596172,0.9169707819892345,0.8875028889951542,0.7841071895019557,0.6862063689105956,0.9287055627354918,0.8784485420576108,0.09323607495353847,0.9427611846759721,0.9632496369244208,0.5252531347895251,0.5211284552571129,0.43294290637553445,0.32244473903009685,0.8460899052840978,0.6224070685099298,0.9836774042419928,0.8702259567614398,0.7418942259416687,0.4640655545901784,0.7633171795986156,0.04220204913533099,0.9659568845866738,0.5288387148932122,0.20096670572105357,0.7856149596401253
0.5533227083775646,1.9989289027289026E-4,0.9419837754932878,0.9076140168021125,0.40887783171753045,0.9523313729172967,0.5566059034807732,0.5021633127808883,0.4532037572748723,0.9889215627624569,0.3719716001870358,0.22453387978381978,0.581722280472141,0.301400597973125,0.10737699511011567,0.18721485865142817,0.7053496005890333,0.9502335545203694,0.9584275810747918,0.16221058918028708,0.3098246982706576,0.4121488289313545,0.3978163316618498,0.5920735668272455,0.29607104472907986,0.08168617625057295,0.23877897876510135,0.635655998738955,0.34539675024826344,0.46720782838796027,0.44184773410686806,0.10444514926566228,0.6910334977276797,0.27952280172466837,0.7363452879623795,0.6814812366606874,0.9714596667767531,0.4755331752053945,0.37513095413886055,0.25723846751396096,0.7911485462485286,0.5898184406895638,0.2444311719898855,0.5654835691074492,0.7208279514370303,0.3638320822249158,0.11015697060009988,0.5570081919230913,0.7320324743250384,0.7653921380532508,0.9979315366566215,0.1102649938285184,0.4796755062747333,0.9804057114428608,0.5761206926523867,0.7453196402218799,0.4215628770309836,0.8542745549354415,0.9394801658210428,0.981163835849522,0.4952156125243552,0.5621873861863388,0.3756031644609391,0.8563174417877059,0.9600647495264701,0.9955119690684173
0.5371728827937541,0.9187805463880672,0.05702585108464786,0.46575776082241216,0.9400937605588899,0.6837788283087077,0.33765715252582607,0.8480880996715087,0.8608968909000754,0.15637902909432022,0.8715493487766144,0.2131183549868264,0.5163842356921764,0.5209332642287109,0.05329176757555476,0.32874455470030006,0.8742971902894299,0.5104447171320491,0.39930350172210405,0.15300455011925396,0.5658653939839688,0.2863292400216817,0.5500147039592673,0.5844817749805573,0.14941140393746866,0.8826805985386088,0.6743275544237323,0.28851950744517907,0.40875799534926227,0.399029904433995,0.6109825353416113,0.3755211613692635,0.4610044240179485,0.16172248043461235,0.3754000741254322,0.07187006793848694,0.19530888006561475,0.016418291686095432,0.11076406952914186,0.2945100731882444,0.9676340402269223,0.7628547416758314,0.1685577511884252,0.2169859518438516,0.5359837878696264,0.49789385702474265,0.7664590902304743,0.4977505554361248,0.9364785812566477,0.2940079166721319,0.5904468258322353,0.8308034598540167,0.3726878897380447,0.20774139699238658,0.7831650601036025,0.8742334308700301,0.21895820038835234,0.08631908429450774,0.9920380280831539,0.41399519468674184,0.9230454416678645,0.02045337490086696,0.5383234039523322,0.8282586666168416,0.9341808438518407,0.5775366653653389
0.3122368453698394,0.5319264761652841,0.7797698840881145,0.14178731647185028,0.6994762943044895,0.10142352474554817,0.06724406353450474,0.7865506399058387,0.7009197736404603,0.20662037832912106,0.4971553417322797,0.10883921417481235,0.4199654017716602,0.30975956292269535,0.9394241522719764,0.36732946726085247,0.26092834408932397,0.3305121883386557,0.2467210636708902,0.08241437425698128,0.5071038229957632,0.12179985302144336,0.7572836962477609,0.9805451002545824,0.4285516931261091,0.6527745973024186,0.3740398998942587,0.7949767716559181,0.7073522686026037,0.2533576104661046,0.697728836469573,0.9711670859247566,0.7620293410157746,0.13899508589218212,0.9387821827815405,0.7674583244374089,0.5030310741449986,0.7047975351274485,0.23604744560842372,0.5903072855498496,0.1576050734821305,0.7549865243018585,0.5700061023955189,0.6582092945103777,0.06509895999342408,0.9165809745942558,0.6739595941245681,0.24959630337441896,0.7626634948455993,0.9755123078545646,0.2187259960933554,0.8573710697992997,0.256530036101556,0.7688664118020877,0.07471143000997149,0.5463728661745241,0.10548021404337671,0.5687073532875296,0.6397895892386414,0.6899524675705995,0.8308200893633605,0.6009462611848799,0.062243734312699694,0.0479674293328044,0.21111719484961688,0.4569761056558772
0.6850957192636998,0.8408909854568691,0.2201536867420072,0.6763013635716205,0.19146650774088758,0.07336134842273112,0.7229942539955935,0.7051488883355348,0.7401835873180564,0.8653801622271297,0.5577629605239107,0.7690544992698475,0.846670619543691,0.9605027206082583,0.29966806714410943,0.9366776790110785,0.8862247791793831,0.8977442438789739,0.829009690834559,0.7976038997762901,0.8751082092430073,0.557560272111287,0.806350091101198,0.7286529198002505,0.6194494945436053,0.9221415182664918,0.29572181253975405,0.681218353227876,0.4127723583233046,0.9263963886025908,0.07069436733861789,0.7864220942236647,0.21003792089667228,0.21837749148807117,0.588315313468412,0.8453748914840054,0.609408206741086,0.4965407616261621,0.2223866673642496,0.9485918952382784,0.03250842205268112,0.8461092170939127,0.1102334482926729,0.05162049749112241,0.20978581529449103,0.1579456510550803,0.8860660716737645,0.3231946648890799,0.4496333658021422,0.2807218395786444,0.6492336166032768,0.47773876866642284,0.19826685185701187,0.030804199435959245,0.7471104502712562,0.10580081803886188,0.08191413409520787,0.5641590133961586,0.34005403068163276,0.22400338473365888,0.9636957526931166,0.9007130142869104,0.2598168545358174,0.8803583107101406,0.5446464307762974,0.5839879236859343
0.37299084188150256,0.6712987867566576,0.6916469972754999,0.5574601934357605,0.5175081915642049,0.453540306705544,0.9846071844257767,0.34398057739854604,0.09291714331657053,0.36689019147499735,0.9410594085920755,0.5257200318151999,0.5540974962403812,0.5233824681191827,0.9983942879849985,0.33949236668110283,0.3832751808684923,0.36362353395197433,0.612289109911849,0.9259358604730842,0.5966408815894299,0.7329910457570635,0.7644503460604909,0.40091941674813003,0.47957300394718116,0.18833694854923944,0.7636120574483685,0.45367196564192047,0.038410534820699116,0.9101029790122248,0.47080194725508084,0.6185155040317968,0.606916627247602,0.8652648655259778,0.9832075787242123,0.7157162248902771,0.1520190407833476,0.5432793823783307,0.3705452226398094,0.21185033250848462,0.08610918080399166,0.6702160874078538,0.27365411174669474,0.4112140878251811,0.8121261245676618,0.7955134567840464,0.04710957279287331,0.45719017006243834,0.8028482015421645,0.5413069447753318,0.6559683587314139,0.09611602265598318,0.7472592216351919,0.6060342848883203,0.7213301531560966,0.03608185047253143,0.18455226795933655,0.3220310371776295,0.9502192506494942,0.5192188549230762,0.09027909387094457,0.6810876900799272,0.6823609926845863,0.4184219549961721,0.07934836210012663,0.2624465172608814
0.43974776497179746,0.7680826801176922,0.2470216689726813,0.42447534264991416,0.17445941749646132,0.14329197797070525,0.1817510188971383,0.45426226735457786,0.37602394073189027,0.7131046482140956,0.35264738862578626,0.10863346424365794,0.3216734980361178,0.1108406571069882,0.8995646991988435,0.12560447049723977,0.5311725281618126,0.48803048972710916,0.8352293993409432,0.8370322917094347,0.9224635416352068,0.24849535322967986,0.8065405881142019,0.9712443663518497,0.25519807313005105,0.9951855358017104,0.8561116702374124,0.09867759929614528,0.19628883489472748,0.1647828331244744,0.0753188750171302,0.9440687759483881,0.7449412089118906,0.6737060795958916,0.646568423803209,0.9654955520758065,0.8141910377520202,0.6540414967090139,0.5351881564245063,0.18357462528824608,0.4817969927744502,0.01905245148390844,0.010296150179488373,0.233382107587065,0.7954054560078067,0.16530579706848192,0.249192787122827,0.007168463152001592,0.04522675443277002,0.5920851992334987,0.5112692408231537,0.05769817152011836,0.1020312738020952,0.5986443208779054,0.7551197089984948,0.14005262782842132,0.7590947036411917,0.5059854551115496,0.11649075796415032,0.8839918361980105,0.013792144177450893,0.04223276203990589,0.3648959629264602,0.6094789314463044,0.8778603392933032,0.6293007246096022
0.31316951727249165,0.724728915125264,0.6149185544945768,0.31344293568496273,0.16692803319258953,0.979151270757874,0.26965830217546094,0.9933974693163168,0.9698545009625839,0.08281309490823852,0.9751826868358713,0.4172292516274446,0.625914326662028,0.8495585471453903,0.8032964231745197,0.14260175588118973,0.4610582034329874,0.0726767166525002,0.8571176744496467,0.2850936975669225,0.924662137334606,0.8000188800165983,0.8962037059423286,0.4153089785181967,0.8249000235267286,0.5397237689119115,0.03145196692009278,0.40791080328208473,0.44244009302575427,0.19821654851475012,0.9303591075763329,0.39434421756629434,0.973300716914435,0.22890618625111647,0.5327904294441898,0.22589353924922217,0.01439772538661821,0.5530127872698436,0.4932326104496819,0.014854234104878072,0.22425959638011062,0.3032145214060641,0.4375731794732961,0.3889818071971156,0.8665829290338394,0.3363119381720425,0.6507697542239853,0.0680125364812546,0.6757453817531184,0.7628646587989562,0.9963435402314573,0.25093437917274797,0.3710890329590796,0.44976385292592425,0.7094507411985083,0.08881860070461522,0.19073209669354274,0.5659613319184544,0.2023563900396418,0.21040575636515768,0.0158623915497893,0.7620839962124544,0.174455753415526,0.8662726284095047,0.012911249350623155,0.501420209179082
0.1285579069783408,0.7622890948344988,0.23370189801632812,0.39277258380158797,0.860967244498339,0.06420711060778406,0.2826114780345984,0.11492924371543001,0.6149683677973488,0.3726066172395608,0.9849816330307435,0.6680137211546606,0.3656407179818001,0.6910561562489919,0.9724570702850032,0.2387310740768427,0.13849885904412873,0.5402284416439754,0.23862799921825284,0.9245361972344337,0.3552754331146897,0.4068443678981607,0.012296365112404839,0.9260073575427109,0.9472334922643545,0.658701492363525,0.7458823084375744,0.5872166829951183,0.3797157228793414,0.9056759329783503,0.6229315436541693,0.8406463238351455,0.79120792909197,0.541469356879551,0.7513805077672785,0.19620714573243803,0.16601480479211272,0.8620056309305698,0.1281808850764674,0.40317509405083185,0.8317160986550021,0.7237645675163656,0.5360807801663074,0.30936716171082634,0.6008919107911328,0.17897273021215232,0.7648047917974385,0.24363764280690736,0.5611756523441426,0.904454522084952,0.9365708323857045,0.4557828264891105,0.8585141473883441,0.5270791551112893,0.25982683222707215,0.762199777059308,0.8155840160185985,0.14112221671705005,0.23528552414331383,0.5661533402425524,0.38063436687768726,0.4114931868714332,0.19478109764814588,0.8482625981842913,0.21159581566422225,0.6616631466529475
0.06616667349023497,0.5558264534125327,0.6661161105991573,0.25625981833295197,0.4264170096750729,0.0588653066915249,0.5902533056104219,0.40567951095416754,0.230295819040662,0.9862640213451046,0.07687719562322415,0.24369912344329347,0.08339295687138104,0.807158927918152,0.2994007764865413,0.6589530694537937,0.5660314089154422,0.9807192928339603,0.11728284939315203,0.8972739471075586,0.9084898746109358,0.36173215334835285,0.39681431125388755,0.3942778400696877,0.2681816962598865,0.8199063691157477,0.8940198519310042,0.646207956355774,0.965876243621178,0.7075702128061405,0.10607815706674018,0.18193391773811352,0.3007444908111968,0.8934441362361173,0.7134829850256362,0.8601354700574732,0.9829553903254898,0.5694287097733868,0.10723889503400308,0.7830837297528959,0.7977450836289491,0.9328549508722452,0.023704719017243803,0.09206439873252004,0.8463267804897963,0.1484027762872745,0.4942687277888994,0.7893717330961432,0.5967034572110933,0.701900002550599,0.15785986127986196,0.5179332274010447,0.02139212223529008,0.37247372553833014,0.4813690445866273,0.9220091889206293,0.29926231417574467,0.5700321613369161,0.5863759256530272,0.8110435592859411,0.9151379922741315,0.7118137448877485,0.19014559128795838,0.8536248335053483,0.503506820664393,0.6447479731668411
0.6346809692757427,0.939649533290405,0.45162567477013815,0.8596301294223284,0.09968654650972764,0.6661630286902732,0.10250766470202688,0.38861966404825465,0.8736195294140862,0.6259850146657748,0.37972000863770317,0.8293305300883066,0.9915745407275527,0.30811065069608823,0.7936184225273499,0.8967885694345824,0.6395686973082455,0.4550101623647953,0.0825882232536026,0.2687899640137683,0.47186407607392533,0.6643335031228012,0.19305846805013527,0.2607013640901755,0.39128473066232206,0.8711584289577593,0.90849985058977,0.04250141123820972,0.40205567418965527,0.10180422083816221,0.2003130368470839,0.6938700542616361,0.8605122492532669,0.551365320935167,0.2924594313491812,0.3823906933048654,0.8210975020666519,0.6045022642852813,0.5068811508620135,0.34543733844417834,0.20338655684332363,0.89266016153887,0.18820285724376629,0.15807742068147557,0.19044643653937643,0.8607676505454043,0.393903156782773,0.9773281867981881,0.6096609029043426,0.6026020572854726,0.5800886274122355,0.06736271191568444,0.04421929501120714,0.9163895347753007,0.21319874072290113,0.9307692529556536,0.07678960731794937,0.6308413624780199,0.09441558382305715,0.7977255087436482,0.3764656193783438,0.2567108785732921,0.19624700081707236,0.057957169437305,0.3058984368768418,0.9300878801226484
0.9796980236808599,0.45960809320049734,0.3475934187403299,0.4310305051578869,0.48563952231473406,0.5446569157370427,0.9266732834110665,0.7847671158979703,0.9754296419227911,0.8422728619192279,0.14197883317672366,0.5825837555613105,0.5335378952199472,0.7995118094833911,0.508198852739513,0.6956455926258699,0.8388674774945858,0.29301061348938084,0.05879129554234941,0.4973830233701535,0.2616669394368002,0.8358460340630761,0.06277795978506506,0.058706921871092055,0.5493670855248772,0.2704826201289199,0.16806513120891997,0.03519933006136289,0.6273747570934418,0.8217410668519486,0.999763340219318,0.12655934954565928,0.4598003102531819,0.8729769556075052,0.11404913545255846,0.055966449433799026,0.49029086955352297,0.7241674057260896,0.7364326857340134,0.9906564944972384,0.914586769071381,0.8923607173752214,0.8978649715574618,0.2048883632039702,0.9241139536688646,0.22295259291987102,0.42293852273245747,0.5726121087162013,0.10387040018238736,0.1945093077389537,0.7215063540183283,0.16953190644345784,0.3680599504944033,0.320367090366001,0.4883639917153598,0.8628906451957293,0.17337219168640194,0.4769940171596996,0.2252092713159245,0.27218516885980626,0.2625023366907129,0.3221088491221339,0.9649158416805568,0.8951541715070594,0.8594505712583203,0.7048090819635883
0.7002254883198972,0.510763622357098,0.06333532438457345,0.11546816427197681,0.7972859426802144,0.1945476013887365,0.16890043266565835,0.7749196756067351,0.10902988826700744,0.4115445930320546,0.7795915636460488,0.920454127292052,0.5942123551834937,0.6882030133799719,0.8730222559388195,0.21041186422567115,0.994993141860255,0.30701168296343284,0.4288455380356382,0.9396633806529539,0.529271549960917,0.31624442529994023,0.8354924241029411,0.9350258589536025,0.6135511798584822,0.9020903634475854,0.05493363878409652,0.5826731646490958,0.34793264577506333,0.8315744567047897,0.44356626033836644,0.4288538118010812,0.8669022190944454,0.24205584584905682,0.20252272645667602,0.1907393239728824,0.6879052958467347,0.5267237787376203,0.6621444637958889,0.8159835248342421,0.8742630492589442,0.44539457837895247,0.9930577260801308,0.4375807499372397,0.16981206802948,0.8760449846688809,0.4802349969250348,0.6848690288765448,0.2597155762581541,0.8149007357402727,0.1966201167383017,0.8320317081734042,0.9652169720133613,0.3315318475976645,0.7693409013758566,0.6922096175340138,0.4896749644033048,0.19028856566521146,0.9442282117919091,0.9983427006934538,0.7990411498541996,0.760545337841033,0.823305789858698,0.25111837472629994,0.8420106489113306,0.6556023541643835
0.9751105766383097,0.6599119454438349,0.593396854157965,0.2637276272521706,0.09914816902523538,0.8543614462474326,0.8388513896122823,0.9647048511612362,0.5634839793557485,0.5022279657771764,0.2098713933182227,0.36138538593927205,0.9284155286419762,0.8334495033205159,0.22510560008922464,0.29812559795664595,0.5193666772554738,0.34080500789019197,0.997291892464814,0.7866233974602895,0.21859003012234912,0.6043623282952735,0.8247284733236951,0.21455045268237127,0.9079590083809551,0.2698922629427043,0.1020021844432365,0.37351019284621356,0.41407646891824623,0.7006880971125664,0.8567665643777438,0.9102333156041065,0.3821217855037671,0.7177384405422376,0.7476834170903833,0.7785563942518889,0.23630408306683415,0.14495843024581867,0.5432118950780129,0.14961152179616288,0.2724842008850573,0.5841926032539847,0.9417490131232688,0.02378746113645691,0.972473426285874,0.9589603769615423,0.09069606986952083,0.48040631283045343,0.8297125067619648,0.8864227417653736,0.31534594888600975,0.09969187994971385,0.33247945323027517,0.8638069186989586,0.37805610272616297,0.5964890130862015,0.26347032301113515,0.5885333058388401,0.05399293611763123,0.1163260357410616,0.14354213216067147,0.4705468360359405,0.9318030030791365,0.9617949556223979,0.4726024255445691,0.5408628652082295
0.12588727182028414,0.7408572462515949,0.40207584439545097,0.5120954132825644,0.02152460458346417,0.05856577576884947,0.6110724869103392,0.7047432124099816,0.2649112905677322,0.909825802025229,0.4523288038406431,0.9172672945560748,0.9572534686169889,0.8732016926947471,0.8841869728306987,0.08850113385858471,0.41536977455176716,0.054407664462766125,0.31132374851851463,0.7776925257942937,0.9208316518058164,0.4830048515960139,0.21963552458908697,0.07048409410222978,0.5954896356860152,0.32695879201467637,0.40963110013637294,0.5083971487153419,0.9133031322176756,0.8570950263853949,0.7078796510189445,0.03489121603033973,0.3867130238991202,0.5671226197766182,0.26750597027629985,0.7528297611603155,0.6503652588340808,0.2347789864945482,0.9564209019214495,0.4961903921869757,0.5058150343757345,0.995781536023606,0.8759201421920892,0.833114880835564,0.48791075655024385,0.694654686111068,0.7524794600459976,0.13790348365649951,0.16687763726388027,0.8751340374090436,0.8020203248377232,0.7963147578592072,0.7096911223223965,0.777731497503311,0.6786148077482775,0.44154012130052733,0.19015045871472935,0.6231786075302038,0.2885439496746941,0.35748077860234684,0.7591329521620539,0.2778479969332478,0.5758195023173083,0.8314616858329458,0.06483035714832952,0.12088545669399231
0.8667236802226348,0.29027550273257885,0.24733825066371673,0.5626681895340803,0.9986173361066829,0.5114570469450499,0.42279049066655083,0.20033762206999106,0.2522120315604359,0.06594697513916148,0.8193002255126377,0.03853764439994545,0.05669704212125626,0.4188105874357083,0.6302903799225243,0.5521224990093947,0.5435571728847644,0.7914361087782897,0.2103654770981208,0.6224807764417368,0.28761312666832106,0.9716442937242943,0.4546982956671989,0.5402551611558036,0.9927612730802577,0.7473987726672452,0.07497421233884827,0.3346204705848774,0.4550845948437423,0.5353151316052811,0.013256946291063776,0.6629146220828732,0.8674527082774715,0.0769236120338741,0.4197093853951227,0.3743013072148197,0.41742323241848,0.7836487659159227,0.46092392124153514,0.6472742992272359,0.17420306666975582,0.42572701878332475,0.7226862677146503,0.29319769620481684,0.4606224110616455,0.38079085042650096,0.12431817110785681,0.41670807872085514,0.2625206942482362,0.5846061824309476,0.07131352145010561,0.12868805177186726,0.7406379985091354,0.659457371307651,0.038803600274404215,0.41865304072555165,0.5790515900662023,0.4349319749394177,0.9004571669363941,0.6107763676494429,0.7293921096459898,0.22136524813250713,0.0957411646929508,0.051410147016312746,0.0915190743171147,0.7479624282456289
0.16303865982688592,0.8058424663839352,0.8090315259806791,0.6356240573699893,0.25694061773000954,0.1781642856922533,0.151933581729918,0.6387582971450984,0.015098192905053986,0.8105019916707844,0.40897161633701207,0.660870805033292,0.5433433189915531,0.9665046245845497,0.8186035490804514,0.7254820549152972,0.34735463933646604,0.35885754419709626,0.33025717645993824,0.6669282781637685,0.7549671671248368,0.5417269141093753,0.9064790696976136,0.2948612555521024,0.7452933790374339,0.4564223949851628,0.15177141524170978,0.18176890926485034,0.1291449448397587,0.19219854957412963,0.2853590378939117,0.024597796265299676,0.7098131045503039,0.4039973496892436,0.8628243637036419,0.7395647355202633,0.39408759163489737,0.11506810074021101,0.19549353815543735,0.06350428977881495,0.22046304926736904,0.8247830248544699,0.11665188228587398,0.4556052900536295,0.9248030889736323,0.9406001708046919,0.6001124478900611,0.5201485212880599,0.9733017269428039,0.5580077445117804,0.7493566394379195,0.0038642976363600923,0.958402912979744,0.5234169871303435,0.8444113603683748,0.6607877584136121,0.8754085880817015,0.5323532212602029,0.45882206569905204,0.9229965278131901,0.0758266276391899,0.7389281595810698,0.14052668327526452,0.36737359843097495,0.628079600189227,0.9824584909807098
0.7881309617351192,0.4265461770411596,0.4070164320164201,0.27322943509749786,0.6480303117014871,0.6564089646534423,0.4807384331404472,0.6217839896614815,0.808019503750512,0.1431478422387502,0.26657253994573515,0.6447521451401008,0.1694759023564868,0.30943850994252053,0.48759387667424303,0.6351165618537712,0.14289828748897881,0.46250144989039876,0.17692079592411658,0.9459442565909877,0.730527483107952,0.9159533612200994,0.8490754320421844,0.6039968794562713,0.2349714895181373,0.41290229996064687,0.48602365153519145,0.04326443216909637,0.5642019403416084,0.8794918429364328,0.17007769736519085,0.728350589338398,0.9909853623282794,0.24610765581837224,0.03666612219760079,0.22377043563301413,0.2687564386217166,0.18771713571986415,0.7170453024643468,0.9576041097068491,0.20613749211761156,0.15532095746897445,0.5943473195762083,0.5265828780442302,0.15875214378241487,0.997253306996681,0.005929288390175258,0.8945667439031401,0.4096777899253664,0.802074858326963,0.9908095445278696,0.24750581172839936,0.07882551999721266,0.3340608858738706,0.3030463968440933,0.5853600240858932,0.026732831249439704,0.5777945875099125,0.19023555827194183,0.35508525016380854,0.1996983111864563,0.46013318810516257,0.8708723956843555,0.5586757523199071,8.843285454771532E-4,0.7758226963252047
0.7351458303927357,0.806386934170107,0.565957544365295,0.7072947049941625,0.04080077905033641,0.7276438079879757,0.27203356781090215,0.09968640035787568,0.27902644841931745,7.746386933322746E-4,0.41513689625996963,0.8288829036159931,0.4448979757480378,0.017591181596903427,0.7540824371886132,0.18338897071176063,0.16271945033695967,0.8599701542957776,0.5376305298269533,0.17009440203395865,0.9886864714858996,0.8329733113442638,0.7069627670351367,0.04950618464658019,0.24160661495293578,0.27267623019615084,0.19697063024405548,0.20777705315716488,0.39698700095554096,0.7267589664505136,0.6475450936757015,0.6808692668114165,0.420617733863478,0.8920439333435367,0.38000003758066503,0.26044904247664113,0.4148509843785102,0.8855502230095876,0.1939578733870242,0.1316155771863834,0.6040951673543958,0.5242652409840356,0.3964711386610159,0.41932634706138205,0.9956146848886394,0.2937182324701997,0.48784886232730185,0.8533879479417171,0.017545298200241533,0.5965725223692669,0.09760228866778164,0.0011396387001134656,0.058106090007725375,0.689836589271298,0.08911938348039516,0.16246464803241023,0.10830872294742266,0.4429261070452184,0.23312297715394736,0.0735221201312315,0.6450358669242634,0.6786932585142218,0.4876631739819577,0.02360027424058475,0.4821798617013737,0.3956707832573476
0.7163390164608446,0.8537492356856882,0.5646038344172122,0.6121623412037833,0.6266408095659762,0.576359748649405,0.5830077589479609,0.9214430870120881,0.8167489597597183,0.03161193154978714,0.8473516678351639,0.10221692851346675,0.08182093011289959,0.07972592242640253,0.07230904700187679,0.2896102178800857,0.5497431384734192,0.31720414620234305,0.6002938387664436,0.2793643449587092,0.7915198367325282,0.2007625561180798,0.11592422621400744,0.511521883287774,0.782916459240366,0.7644064521023256,0.09035733444715732,0.15978506918635837,0.48167024477858544,0.8231136755225645,0.03474882212639796,0.53885648107732,0.8285260447035677,0.6708464621262188,0.1391618381677484,0.7344564310985967,0.1805508004810461,0.8011204549439938,0.026570342738798325,0.9593426911135489,0.541625372376908,0.10511764615973296,0.16117147451862524,0.6435424112723278,0.467707555375077,0.33533733470055516,0.9160427078341263,0.6781378633661392,0.19340580960696996,0.36203775993896803,0.4272493909534879,0.5493309319649609,0.35159832820982906,0.8952279807974796,0.13982872334954066,0.32314434030092354,0.6392769530134441,0.8967280174556039,0.3856463912696254,0.5709995558856537,0.9204918712222544,0.864822935197947,0.4239426974235546,0.36254512336032274,0.5512169609990377,0.5382942313729575
0.12245495953903629,0.394491272595594,0.1611522563691281,0.3371197657688727,0.8603236742483368,0.17283987980572368,0.7339241610520616,0.03389141784593408,0.29355977833093605,0.9207812514634782,0.5898404207541875,0.7330072141572502,0.3396711066861453,0.5456627369547289,0.794301217290159,0.22395282942138817,0.11011619151821161,0.5658159504671205,0.5901638158347925,0.17049456045594935,0.5475738386598158,0.37166319536221293,0.683803043110804,0.39936480065321545,0.20958760374967922,0.5754059440550948,0.6023053769387017,0.7600272931327127,0.9809638531977992,0.48973107898689483,0.8831797071441326,0.6413687947917839,0.4943733935405753,0.9683535836878565,0.5581631376549777,0.2516705787527329,0.6919259775186347,0.9398470997615197,0.24914558442895884,0.19497144758615725,0.27005822030442617,0.9710966233042497,0.20693192169645547,0.7099415827156494,0.7158948296720014,0.10784014087287308,0.7925062468766979,0.17664449574762242,0.26531433953163275,0.057149467225231065,0.22565786310307823,0.14207202377863815,0.3912700863625247,0.5003325008935955,0.9072736818423769,0.16709527435426064,0.36548784369081544,0.9546227778599423,0.2592976120666304,0.2554820657404968,0.0274816768484466,0.1381543595342124,0.8203020704749331,0.4898893801724338,0.14190031639838685,0.23510315288002914
0.28481304430139953,0.7702469812124663,0.6285357366721752,0.8065088487183797,0.28097433468637034,0.226706520451052,0.508897137807364,0.3471737507883679,0.9438328618547148,0.9623376684989443,0.6290728292572768,0.6501686693747919,0.7604716024555874,0.27001116651623436,0.09067339976966338,0.20785740318474477,0.7384124322731188,0.3634163894586099,0.8499696640096961,0.8519859133202375,0.6801561802860587,0.9639186219402984,0.12990916791179197,0.7152632640180037,0.23442282933502778,0.7929689807324682,0.13051551348396317,0.38299591886853934,0.438599638640798,0.1340385045922976,0.020244892715984175,0.7957183478626902,0.6671007873440823,0.14855451132856046,0.3441945508015942,0.06239678228695966,0.25678721757197354,0.5570763044981091,0.7946284757787002,0.8486651788730643,0.5932903608306935,0.6299542275457182,0.7551054067399897,0.41568546549351904,0.11102964427854745,0.17097460703535805,0.15156520312046806,0.7026068651996038,0.48490771108334163,0.32300033354301183,0.9220492347342638,0.0692320401604214,0.273113845480787,0.5763750233707903,0.8513015823324067,0.4453805895528741,0.40816044465648293,0.3188664410866915,0.6073173075388272,0.6695730011664529,0.22722347498166662,0.630182335708992,0.5639748244246356,0.7420412851853031,0.18305239628540004,0.7946005124527517
0.3972099031777333,0.5657052417176115,0.9831610298766542,0.18201162358858836,0.5017585526764916,0.5036360632926408,0.6677055868286553,0.7306818990489219,0.9913170047417111,0.7426616454305784,0.055402140505771635,0.2543004077860427,0.4170366507171127,0.020151302666675752,0.062029958095840776,0.19138341149292115,0.36759278772773196,0.7446497163349318,0.6275138746646486,0.21686612357776758,0.7986359289938554,0.9209132134701465,0.3752728163469572,0.34371989705090844,0.28025459084238546,0.5760343883532302,0.6714679764445864,0.7566909673712546,0.34814939519723775,0.5757231973695541,0.4519787874867951,0.6407644166351613,0.7975379788864653,0.8184464277642866,0.041380351227130796,0.6937149127436706,0.06838087485509825,0.8000094938996465,0.20089161224362062,0.8451135345178165,0.8363388991158432,0.4522975478570165,0.8112080822816161,0.9434182767969538,0.5459425217955032,0.9772760851179937,0.921329232556051,0.8182825223870616,0.9007744428384842,0.12098334380637799,0.37593525323827826,0.17697513205676008,0.2600365830892839,0.9621301919612334,0.8715632068847787,0.2518121324636432,0.48169319129093835,0.8260557555746545,0.08577875012669234,0.9797587585597742,0.9994521460584486,0.37716975904449745,0.4737336300015481,0.7658681063825287,0.8241665010919721,0.29164577198882435
0.4329454290108369,0.5589803344991914,0.7198089099641864,0.16701182173134477,0.7998311984690716,0.05111445615939991,0.01999213299976732,0.48641800184088513,0.0604715621402232,0.30124227613972065,0.42307835978342123,0.522743532195322,0.23327729189048418,0.9796420639264245,0.6322412439942233,0.041338205141483564,0.11267635843032309,0.7307873136132054,0.8914143176324045,0.5400765371348011,0.450633390767058,0.8607335846029185,0.30888003465208236,0.5515350005917882,0.6967603147295407,0.669224616448666,0.357323748435207,0.22448637210350586,0.11797117042935334,0.2672461162289619,0.09249752632182906,5.372074824051554E-4,0.47507984350867527,0.6475142566135356,0.4422089981834748,0.7066179749003094,0.9464347036392374,0.10839276368860928,0.38317030558067,0.7951677624127897,0.6576295220259857,0.8709912260623458,0.9453131534985931,0.7812384092860092,0.0015253588193061551,0.8747043742862436,0.7614959563497005,0.14937575099634404,0.9142629988218717,0.2882101699097642,0.31509921655488615,0.13301838575839964,0.4106416237192636,0.23095263795794163,0.1288260693036316,0.8052875172963925,0.9761839696515086,0.56439231299456,0.8850947617232527,0.8624235141911576,0.8634040912985078,0.382816091351718,0.8717302732797019,0.3297585327192576,0.9462384747762871,0.010255480181080356
0.2062330585665113,0.17499676330915048,0.549297696073446,0.8930697044684559,0.007722319883176176,0.474706711438147,0.5875396093474287,0.7670089638362939,0.057722260490627564,0.3473132182678751,0.42716190709536417,0.8730799243735193,0.5192799267643797,0.33950890622813645,0.1099560552648221,0.7982938929598263,0.9684733084069715,0.3328884995509286,0.9710603772115081,0.7253859664295628,0.33318895627925194,0.32374150275395863,0.22399565290432066,0.48985080525097957,0.33111849888706524,0.621321971706123,0.7870611645571335,0.8631489965925341,0.65224391067985,0.10854667482753033,0.48161523483203117,0.9076955757790576,0.44065149282483884,0.21395615728820672,0.7454590035794403,0.08224994306732436,0.5963353130962069,0.15490524102866765,0.17348794734941508,0.015584665933515485,0.039720170195471916,0.8293334323747426,0.5229705701777949,0.5118177373272518,0.35995584369726463,0.45709746913908533,0.30225936394411845,0.4025515094219234,0.20260348690544783,0.7017314562760086,0.6994341959094144,0.3189688047502185,0.34315589714983485,0.5396333424778363,0.40132363884209377,0.32129460411149324,0.6399038510816084,0.5860582553432767,0.8035452366152361,0.5935394633146991,0.962980348806921,0.935933060893581,0.21865083337257707,0.08819916373506187,0.7559859289246754,0.8323886444643359
0.9521583492494717,0.08859189414620539,0.10241733730538671,0.6370394618651956,0.5351969837164474,0.14577315902759924,0.041193315518640805,0.6434228837988728,0.9776878450146658,0.7424756329300289,0.4038906051351433,0.2486432909283024,0.637427573362956,0.33827932664265414,0.6308743159976186,0.8781489786710932,0.1881374843444661,0.15822531303613296,0.8643265550371295,0.8447027908123953,0.21348646313309005,0.20134395306306252,0.11324802659239996,0.01498982564600393,0.15429097869347552,0.4660760803807714,0.43882716891148543,0.7559388439799443,0.6925407558300442,0.3163242875268152,0.9181420429146926,0.1377165456515107,0.16859425920258586,0.24487801436773549,0.6099802674681595,0.7814866834667384,0.29683325349429246,0.030215264522537866,0.8686329179460585,0.057409020908238295,0.27026096346367967,0.4281906098553565,0.12983810083915637,0.5619856823863337,0.3259738411405031,0.09187718870980544,0.7276208386505643,0.9337452671018719,0.9811323271119707,0.37083884075667994,0.3915957111317633,0.10238845306470112,0.4430007173463091,0.005365263984419277,0.8213694276113206,0.00890050109773144,0.1468226557983866,0.5017117782625534,0.13800027320879948,0.6827703265836854,0.9817428726254019,0.1511426865990947,0.07204239938024448,0.3173372748620604,0.5276818250405849,0.23858512783285035
0.46352257900374383,0.6454205703592425,0.5450152947485084,0.9759580723009776,0.021267776775546587,0.4847682883983778,0.034105707833524956,0.09074903792518252,0.31732201321781717,0.7964967051057076,0.41317778785465387,0.8021688107365698,0.6767613446622116,0.9795723508431237,0.750726238288507,0.12522226893484212,0.964036222959777,0.4105229286347736,0.5325887280540811,0.057291392756960824,0.26404044133074644,0.4299456315201703,0.14401198882985888,0.22233402316126105,0.10942682172492069,0.0760141345003037,0.10348536507154549,0.9745601027082721,0.21525928072172584,0.8700687520548152,0.09781051473276614,0.7964547552427269,0.6479121589107012,0.8705065403882365,0.03682132952968309,0.0652752330989197,0.9771970620736016,0.028571362157927993,0.6713642003481943,0.9076570925112912,0.2390186070241601,0.6032764813179339,0.7995931267845245,0.9137220423652461,0.4704302614069811,0.022575279172088902,0.7243301678944034,0.9400882964683159,0.1697817181535478,0.11402828569668255,0.4181865972878186,0.09544191860093476,0.28172026456529475,0.07059757322007187,0.8033359310069385,0.2728352383704019,0.21012796425185676,0.8658326775349894,0.6592745804958549,0.2696366197944666,0.9216474307512534,0.08759456628879969,0.9346020468305937,0.6190633722802114,0.41826909080747166,0.32059706244863784
0.6577971720813804,0.7464873440126788,0.7295231411597854,0.27542850706873545,0.21716272613891496,0.9592110138480527,0.1031396866909533,0.835348477653472,0.5115557146107542,0.0801692691066831,0.25761089929511394,0.07203756950687079,0.36121603524434776,0.2440198195828729,0.4009094707619384,0.06761118197706406,0.6119518145853848,0.4883434867415596,0.21668767249421506,0.0725908400357288,0.56613456722821,0.29318303564884785,0.1726017101384566,0.1281593755205912,0.7304027271752719,0.1489069479743429,0.3149769212239276,0.7859094257242806,0.38266813429721114,0.5653928207281483,0.17984857780865127,0.9694269281375266,0.1299639917617652,0.6747821887195201,0.5724844535198902,0.3394349087289371,0.45386953015904774,0.7255674147739467,0.7458151848621711,0.7478548820339552,0.2216911141027761,0.3175276236899153,0.9427682903642558,0.49602643575270966,0.2792747577616074,0.18504010639475543,0.3583232514834125,0.14845839159028051,0.5352712005892976,0.7005501249981129,0.3241738805360369,0.5958675710331507,0.39686879364005123,0.040490614231970756,0.9222057273007842,0.9098939774678416,0.02345578161292483,0.13270078576500477,0.29256596248973876,0.28676440273284654,0.6273683214692104,0.08740046999326012,0.6179235860044964,0.038308631440337915,0.9698261392951633,0.8030351155340377
0.1375882255316193,0.1561159343955245,0.2753526774289211,0.8338136070995378,0.5734761271787873,0.4482518501792554,0.019422592665053307,0.40751937995102594,0.03448200079400898,0.6278381246816759,0.43177401529663795,0.6901833030239094,0.8066360028105072,0.018931963069839797,0.10176860105048335,0.008463578999470478,0.433495335442703,0.7375227188054678,0.7723782244475953,0.761087014556457,0.14454011515546117,0.3040978695397115,0.26582120582494584,0.177463022120408,0.9989136880684419,0.6491122572385858,0.4965678396448532,0.9145897101808634,0.0776677896889425,0.38382761803189414,0.6963789916500723,0.7226293148816941,0.6797433081248493,0.026372487059165173,0.30123779779666526,0.05503787209609634,0.7552374517782455,0.5965048452468049,0.431478901091188,0.5508922312380092,0.7440789471457744,0.6224432560376529,0.5341159734674986,0.7750645858046371,0.5790528159228197,0.13926457484020138,0.550312837877063,0.4661535319156478,0.8591865697236369,0.7007494352127203,0.9211390130440167,0.8125873757104123,0.10283027068526729,0.775189431454538,0.8511959067711603,0.9540741806116398,0.5493329876532057,0.1505527637845524,0.5123953024848092,0.9885801210693287,0.19403838620246272,0.1355376426108562,0.28911672613665806,0.254276070695329,0.613393062870665,0.4104262589361872
0.7411659387324662,0.5513998986222824,0.6652807133099323,0.35528395139388635,0.6924019368340303,0.2707395576397619,0.3342661716244004,0.5629320769596442,0.7405952193418144,0.10345049603547607,0.832253598380898,0.030254864611549914,0.5280254105886856,0.12117799182740274,0.562132895882328,0.21378432673648673,0.3125215725569789,0.5359633903238522,0.7053096837242242,0.7341393221086374,0.7350938865866788,0.37617067361739576,0.00358328423490617,0.018777982719879738,0.19300067335908566,0.6476778385249268,0.771658750587443,0.5836560703548193,0.8960401280318627,0.2888352241532133,0.29864807298175045,0.9717651376974643,0.5090514069469472,0.3732009269528964,0.5752369992921951,0.5901592208675349,0.2650547835301078,0.5658208608531387,0.7177637700767344,0.8169598244384971,0.5711564773266112,0.796829352960174,0.5512760137663252,0.7859627475986974,0.42328832070544387,0.48040363811764697,0.5607034024014302,0.19885287747257718,0.3960484789343066,0.3776135247659037,0.8226027210668088,0.3636657242207243,0.5803541647596836,0.3784651049432284,0.5895034639633231,0.4130176692226337,0.6043129383960238,0.061445865037319636,0.9147014664978784,0.31675916719953856,0.7916644168309643,0.8781353282180101,0.0774189772473608,0.8710884376086583,0.5873394796243914,0.20595417945498262
0.5965697011830403,0.319795905610442,0.611129381720316,0.31388193455439606,0.3059375256922403,0.6431920169931133,0.08815250759737525,0.4939814618576963,0.30439823133199706,0.8364046937617936,0.948751974367885,0.22582606728001786,0.5918835660229612,0.6911145629246302,0.5906522287433367,0.26143330267194187,0.8551074739071022,0.6934298013178777,0.1526485252205685,0.9450665910672488,0.17664451171040263,0.6554844476293779,0.16179799187284294,0.9152743988815041,0.40677098830532854,0.6094774236457672,0.5850270613232665,0.5757940592207649,0.5595493971005504,0.31025225360504083,0.6412643577998329,0.3674551310764502,0.8729573189784431,0.41614979690027676,0.21165432250518723,0.9249753067168281,0.10743184445212961,0.04774975007194793,0.3231018145373069,0.660549459967976,0.2480216644765294,0.9602490236734856,0.9743428800660553,0.1803900722550641,0.022408225381658875,0.007608399656675813,0.5239331348060091,0.21088569650414557,0.5503785493985833,0.9252309349293801,0.9659894012668214,0.38780107120995644,0.9999024334808734,0.7128192130074463,0.6822164806279892,0.34495115210388294,0.34078648574409864,0.06019089719254622,0.6776956132942382,0.028038512960897655,0.1589485842886288,0.3262147743881221,0.8831068254382144,0.05485181336230638,0.022676254634786064,0.5546626730224269
0.8375027790359022,0.2447804323339523,0.07680257509449517,0.8906550845867661,0.953446552616961,0.14860863634063037,0.38155398116485706,0.5475113571229824,0.6102715289077694,0.523810074503333,0.009894305043889218,0.16619808143847414,0.521416987140671,0.22107140362805366,0.07050992554385782,0.00820193570352401,0.17823764500390737,0.8745316360305213,0.6331510931411849,0.9275364321443791,0.6853815329894878,0.12123155302433875,0.9988646922817106,0.4787244690888173,0.9717754704471391,0.8145254449268394,0.879724310687487,0.8349815247417631,0.1864521953608982,0.8417151370973411,0.830983713524718,0.41445733343551594,0.06990023311433402,0.7079240686819195,0.7131497582989268,0.24227621565427337,0.22931031678988767,0.0062372554089692445,0.05229168594044853,0.11224972271869949,0.5400402339086858,0.2583903511874913,0.9139736326788106,0.5545173724358857,0.3458130305535537,0.3807991708178948,0.3095176906003885,0.46400457117409344,0.7366102558079579,0.20747883024603297,0.2128749485656085,0.9994694780649696,0.9459166255390338,0.0844092504868198,0.982202667807697,0.024043224019614784,0.8279177026545792,0.5391617228582167,0.35231571713772925,0.9255508201898364,0.45044809498469374,0.4251092484764253,0.19250043080436685,0.1285332029063363,0.07093226512302797,0.7413006245048929
0.9087504690033863,0.9897729728885813,0.1502559068112408,0.5370868544869695,0.7103031228953247,0.05526002884406478,0.6034507941937398,0.9248453256843819,0.9574258344606354,0.848915340213759,0.18627164793231854,0.24465604798140195,0.4607229054208042,0.4620246651184623,0.7731883956358134,0.8515409440748795,0.9118018511122734,0.2172158937677966,0.29501334929324685,0.8288862344050273,0.5909606991581365,0.5919477143082598,0.2733269266388525,0.1709244701089404,0.11962603189564491,0.4038589422571125,0.21406215147804775,0.6226617250873252,0.30359349091281096,0.9839614476317535,0.604052437087438,0.41739239371642656,0.04769161774288844,0.6935419518899338,0.8920431846886445,0.60995253009038,0.9133111247374986,0.6767712701177119,0.629612520551733,0.5681200108339813,0.13731104048108578,0.18340186068500874,0.8976422558811474,0.4550777946215291,0.8341343950126945,0.14456757317001168,0.25042500572900417,0.21261436801006084,0.6625359978361047,0.9395826894893696,0.6721892690171816,0.6377433027600984,0.4541449957492226,0.4527692427450045,0.4597690353659495,0.6346815554622934,0.17315553122805039,0.5867255111705342,0.5203399786657482,0.619634073642031,0.10475918059916367,0.37208036330680183,0.3045900900564875,0.35758991203542445,0.3545028004169556,0.6936619474819479
0.48338689115486544,0.2183433024889223,0.5815760083104135,0.4391409610963821,0.5199498921861857,0.9532101280881027,0.38610271309642863,0.5685926499478269,0.48973109977299767,0.6144191261106848,0.9238316034283381,0.2020533939349365,0.8566527101650834,0.16591387681198777,0.13119058940382788,0.3270317331005306,0.427045771361969,0.6673102790038411,0.4094905379477346,0.13906528325141854,0.37157903547298765,0.6520117588457612,0.7391341163022288,0.34579878777997364,0.03066289943801681,0.46599181420086366,0.9730057711691409,0.9886907073134253,0.200258085603774,0.8855122577427451,0.49278906237539577,0.4663392267613713,0.732714436063454,0.2900523647744926,0.5027782162098018,0.47955033528453783,0.5812103960054125,0.030982588012256507,0.9828205535056083,0.5606548064876649,0.8665590376259837,0.4070240679983851,0.7253473629727557,0.6982123179447934,0.15159164862844554,0.8342929172265691,0.9410207152516813,0.32312502501885654,0.871025752814973,0.38173635239654724,0.6333439738702825,0.583314696653808,0.7836689033220938,0.832025119585088,0.31465440044064197,0.4015009792042803,0.3890057761930211,0.8234750002555445,0.6642363491604032,0.2842509452275429,0.48166072986800024,0.4303273710642569,0.4138637258340161,0.23035280587313123,0.4049236925096755,0.7467274846662646
0.08690121544557583,0.37269969688087723,0.10847241434137156,0.6539957211930628,0.21416318853625083,0.18025204418012064,0.8156193575073732,0.9712961948349063,0.30305068203821317,0.14527996543317734,0.9618572085983063,0.6165640037367194,0.1460561530614526,0.8859699917475149,0.07917151999149574,0.23756037736661384,0.020546311291585684,0.505613069391215,0.469535310669126,0.012183347988266813,0.9538043232637737,0.8669736227084254,0.8361947854000309,0.9626683849096883,0.5056315911385442,0.16407262026069191,0.5228015076035986,0.1800723772791848,0.4553812359167869,0.8034998497199618,0.6481408989848594,0.8134412461283111,0.3711143104220409,0.1435037315466573,0.21815293757987142,0.5423196022779191,0.2856410995745374,0.08148995882143817,0.24713564336635607,0.5217690664353241,0.6075296707744663,0.829192608628399,0.026467910273584083,0.4658189541263834,0.9547341719618043,0.4696647980405688,0.9418826340471275,0.6182812511012591,0.8143158367954593,0.05136801124522383,0.6592675328716199,0.8491199873350812,0.8038000218780041,0.042022749788518055,0.07416532999831649,0.010071814302003657,0.8380326614276571,0.9385156519211574,0.15159092426477494,0.9849738688502634,0.6899699061151688,0.7090408965833878,0.670478356639783,0.57826135431716,0.27465540003875344,0.5297868507016278
0.9310154295276782,0.4993563628387986,0.4827093317029507,0.9708614026924262,0.6833194955804922,0.22117642945026372,0.5429741873622338,0.38478262128887086,0.8923531909149446,0.4177491883744945,0.7035323543560521,0.7557437074970571,0.4666736396060971,0.01892811604859601,0.48613081513367373,0.678994531300863,0.7475552267115747,0.6594608180105148,0.8911186908876126,0.45706435200533657,0.38021973200391934,0.4451705502489778,0.7083239049499366,0.5231836384003905,0.17035429221019815,0.5107682210815018,0.5238648015831799,0.5321452354816113,0.6667922941861179,0.8018210038592848,0.1037138726271215,0.49497845013828956,0.5051776369002696,0.8776605526648221,0.5819003704760843,0.27619178834186087,0.9976284489425449,0.3025225269700692,0.2845588009363439,0.6209736488417198,0.059861192912134875,0.36896615048351444,0.08060146617871577,0.6346223276710752,0.3299319017230422,0.4806307449589291,0.8656124158275219,0.2976102686211858,0.25169619704236856,0.5106441908576461,0.15763134182394334,0.16706959722340897,0.9712851076556466,0.8475054923047236,0.8118157673079874,0.8891191328823955,0.1263395802376237,0.6420219562047238,0.5455404920473029,0.5263361382410761,0.9954406918196839,0.9768891465457582,0.3063133854030048,0.990808276669571,0.01911941743603962,0.2947593408673467
0.5119569330147756,0.06558441099634005,0.40402367085518676,0.44115254596471265,0.8458255049144332,0.595976050467593,0.3782666598847366,0.10532151051584471,0.5993981073599434,0.4370429781164349,0.6786754912735521,0.2751898849478588,0.5204074497795806,0.654730875658754,0.01960424166676955,0.561741259947705,0.7467355961021824,0.2955101687846734,0.6181712015828735,0.89374356745889,0.6846275397784902,0.7629990725900191,0.33222517743684166,0.1354519770809467,0.6243439425521335,0.469936289008418,0.6050410939678311,0.6379408372580014,0.47719461784228356,0.9700016643913444,0.2046905270323105,0.5989729293266016,0.2649648075290122,0.21636568528846067,0.696227886768414,0.37682277042577106,0.896066597963707,0.9424820766898516,0.6912786427931135,0.5802275044659788,0.3223177236430943,0.41551997274964836,0.18231085055258356,0.8396474562730643,0.38607121391889265,0.9739652861831205,0.6878170148413991,0.6542763233835474,0.5394885413080718,0.8283035935062681,0.5098281501928291,0.604748019251734,0.1460701825369628,0.5773299284344666,0.13662777997720343,0.5232459685398236,0.25912721421622364,0.7725129641679651,0.7112284108609519,0.9207274942118561,0.6126981479910062,0.6489749534841662,0.5301183957054736,0.08523483575316415,0.05748563696148401,0.8340305496230598
0.7369831156271549,0.7857709766522721,0.8277074494837017,0.44286133381111714,0.7325483736874226,0.4429772629567844,0.8343272943020659,0.4757849655428469,0.33439076062139084,0.9608569634526322,0.6459502948679529,0.8427109720324428,0.38950374549487266,0.1530471678284212,0.9407395763087506,0.6577585585024505,0.36760429348665624,0.8426487453179666,0.9910292112124565,0.6706432011168167,0.44461014750998906,0.2663825938281197,0.17688036242830918,0.8313234842054299,0.7234126791257989,0.37184729703739794,0.6156472728961838,0.020530689222890475,0.53301602648571,0.9609122102770475,0.7416896765541034,0.9211877252571334,0.19730848354997554,0.4027867279537012,0.07368934332014265,0.854355983854208,0.27117706867611013,0.8170651436610749,0.46659811299087806,0.15823219563386126,0.004372088862328205,0.210053805800549,0.8610653763349866,0.3498494569101258,0.7124731230840045,0.036945386957699666,0.9152631408795979,0.8765201423248382,0.8095040353042455,0.05791259395240611,0.9323473636501258,0.7376905484257965,0.4881888930983862,0.15795194810321878,0.18136426426302454,0.6377603861748294,0.4215369900168673,0.008315409770106474,0.050230788058389986,0.6165530780313128,0.4033897788277121,0.06162611105859572,0.46648873395375,0.2965050685120133,0.5457581306400415,0.3932816879794614

0.6747230438492874,0.9841468605886549,0.5070945575730198,0.3283777860842393,0.7700095889869663,0.8692346634230437,0.239244318487717,0.6272963252338378,0.34986485827425273,0.47331216511233265,0.9070518760181753,0.23964740735887313,0.27376233160490726,0.3213860962892565,0.9643164259395542,0.28628439793784966,0.7930783466721502,0.5295100223362319,0.8467131594307281,0.9763465256808582,0.2516141235541889,0.6336676612625968,0.38270599099722247,0.6270051348287757,0.1467566084430718,0.5205738976863968,0.8165178743918898,0.8169426661826366,0.5885397273803711,0.7635256453560288,0.28754966134320525,0.9752307309246231,0.09718847464823704,0.015065653391098353,0.7170838472066609,0.38403132357358405,0.23929860954653948,0.3631062254216615,0.3158043247522182,0.6565529665557895,0.8186244842708729,0.7182927553171795,0.3446094029457204,0.24095173132108716,0.20951864519131114
