+-----------------------------------------------------------+
|  this file contains a neural network. do not alter data.  |
|                last modified on 10.06.2020                |
+-----------------------------------------------------------+

each line contains all weights from one neuron separated by comma.
the last value represents the bias for that neuron.
there will be an empty line after all hidden neurons, before the output
neurons start.

learnrate = 0.1
# input neurons = 65
# hidden neurons = 44
# output neurons = 1

0.8438869676149076,0.6226961789185461,0.533989648476812,0.9167307883848079,0.29054242150422094,0.00433063156206237,0.261797905111971,0.504373173896428,0.4711164083371726,0.11682850380852061,0.01906503597178466,0.5827127080353793,0.7083973785770141,0.9631732606397103,0.2504766071969635,0.3103735357445282,0.20911650869108422,0.9000139973824846,0.8006164805730126,0.06502226055980709,0.4026274092420852,0.4068865906843163,0.5756908877907425,0.12564865585964302,0.906761345823789,0.2776922325545098,0.5212858567550303,0.5837598340605341,0.5476459723639066,0.6253330321973329,0.6637472433389416,0.8084693746359057,0.5096903285339739,0.7788808813641043,0.7528113211044466,0.24456462330332907,0.8726020690066527,0.6223824859954483,0.8644032572409389,0.05798718537900005,0.5042179695495447,0.1753797292625705,0.17505978242498754,0.1597627563764944,0.5210919085465471,0.24745149613693662,0.003221467019855706,0.4372683525453691,0.30319907545187175,0.8125592374027037,0.1276787542729959,0.6008264864077805,0.35477923236180264,0.34370534188946167,0.33974588225937685,0.9139671307776851,0.14025565995133538,0.7243900298827362,0.1632742355608594,0.21730050212098284,0.3923306101181152,0.5105787397477302,0.6854077933569293,0.07879438625035629,0.2887722326709008,0.2553690309696347
0.4810206129400364,0.6073520554894186,0.32507190818366594,0.32827179881015933,0.6850664568855996,0.4519380596745963,0.6720650315349733,0.1619991731450443,0.3696090890401188,0.7751006100909682,0.3007721930375269,0.14187717619443818,0.516091543483488,0.5375912583867704,0.18113211169058585,0.416478259437951,0.038440637726183224,0.2598836115643327,0.4169613362606527,0.7527950236470823,0.5088933289436478,0.5367447521456694,0.26639009002616787,0.1852536997216815,0.4659697296805463,0.9726146127624158,0.6151875765227713,0.6150915155646699,0.4428067172111869,0.8783997122164936,0.6198040335318532,0.7050993377386635,0.1441055223751727,0.02438985581357811,0.9176212380991307,0.38445775074753463,0.5212356496553856,0.9793572373991943,0.013816596040381879,0.029370216812635297,0.8475760201333734,0.08249967034654537,0.19741089858331817,0.9174248702576658,0.27996407127979217,0.8927406630411509,0.6134828096361644,0.8670920300029495,0.8071621591173617,0.03900088694726589,0.9241983170888189,0.0684916845126946,0.9325394941480922,0.7554071743400889,0.3282165980186632,0.987541303826336,0.9157076731175927,0.027006558048271234,0.5761981846375301,0.8828213895951931,0.9066357086683212,0.1944046976254743,0.019555425558238193,0.9129723683967743,0.8458110467799443,0.06984920767057978
0.6602491048854461,0.03216309221445901,0.575300601056831,0.10263052386906524,0.6313492312869986,0.8721477666058677,0.20810594113788516,0.8982738351634711,0.5312421425552126,0.5916549095645303,0.4369956350751595,0.44384782437736914,0.5587799647052614,0.2373279689298553,0.1290361522165281,0.720817006120879,0.4523328485368667,0.505164549780115,0.2483329787129568,0.9972163564544971,0.8226178651955751,0.9173769496281061,0.8770314652239748,0.9825282481691499,0.5873434045002633,0.336823863562699,0.8634167072502464,0.20149351153758088,0.8651208987824605,0.4296395728756176,0.4159907407683302,0.3971898091334355,0.8667608779368923,0.15641320562329208,0.7836941453285616,0.5090620557473079,0.03398341207343647,0.6232474265507497,0.014978275240827732,0.7881914646640416,0.9187378951984597,0.656252580801814,0.672223861420622,0.9099408718179344,0.07074046927355115,0.2765088510550415,0.2930397941551851,0.5232161720596793,0.5065021034295485,0.8472549888264859,0.3362662655693809,0.5359346574685588,0.1700338799549188,0.04103992754621022,0.3280443217493081,0.5778930413021077,0.16358043838908898,0.9317987712098756,0.9321034355448192,0.5050792542584649,0.42614640582522556,0.4552923443245337,0.7084582781888823,0.5135738745245276,0.9682447702236283,0.20107521616057078
0.39599383171667113,0.4165384502296082,0.7332102212319315,1.344810706233046E-4,0.6569578912167765,0.9043895139602174,0.648584713219134,0.054567174475261604,0.3551689504745519,0.15610887822499175,0.4554959293816132,0.4191419053462697,0.6047861171256049,0.9987421378350617,0.45961446216696156,0.4893155606883989,0.022777345525676118,0.9224889053400666,0.43418845488033975,0.7762537924197205,0.8457606719874353,0.6503899454161404,0.523819299809691,0.6566295594994342,0.8306829551429251,0.6344679789337131,0.14705589850768352,0.9734510828474651,0.14883898803837659,0.80428025892132,0.576548436836786,0.333896987071713,0.8040234403649366,0.129192764240193,0.08741787599593676,0.7011129857314311,0.45814671850377786,0.07228753565607804,0.3076601939742303,0.4091509624991543,0.9314352412529742,0.8116659504127594,0.6788192553637841,0.043707977359794925,0.05937567281699596,0.18401234043424497,0.7408260311759005,0.726049212374919,0.03485118286612243,0.665634425118766,0.29181579222425624,0.21347543376373412,0.8414578576715274,0.34779761518670127,0.3418993217021238,0.8869221563076194,0.8927772561031772,0.7860228211768329,0.17927780858421594,0.1347542629651598,0.532421453705399,0.8071184522769079,0.7977555325553707,0.8615462080779785,0.6209545615349685,0.8430686063646855
0.3966182431918469,0.8516148915145964,0.038335306400064884,0.12750177548253216,0.657009567497499,0.4992983434239482,0.5643127806051679,0.13831517437364316,0.023351136993009947,0.9814504719053442,0.26424794725721834,0.9991318743917255,0.2740171352841778,0.2923481828826766,0.20412137839015077,0.16261914529127552,0.25238711272093717,0.6871840305415442,0.04602756737357394,0.5902983973389934,0.7475657875821966,0.9875441398662345,0.834244835240744,0.8163279834109147,0.1634717855202561,0.890747504802665,0.07200904143341558,0.7368426964751487,0.7956622433361301,0.894649502419882,0.010408163650491797,0.7017842376070912,0.24717347736530093,0.7004889791000984,0.9233544465907073,0.5027592269538353,0.7578222624482509,0.9885848423775908,0.026378866112237165,0.14831289205518916,0.9958266862637634,0.2751644484479968,0.612033092304176,0.8971076181576332,0.16626897773300764,0.15333316425598853,0.92097164246172,0.8798476631478144,0.127837139113258,0.5971702778830038,0.2453274981465816,0.7823924244200354,0.5774463726930519,0.1651637927206674,0.7697821887345011,0.4853528123425539,0.26175500586172284,0.8776726042986265,0.6957714921137779,0.2595660465064372,0.6052539109356799,0.2628313737131218,0.26555615016575285,0.10219657156394413,0.10652252852232535,0.5662900352934168
0.40542663548677893,0.06481168974939844,0.34740846088428967,0.40240621904025575,0.8410996225132937,0.9726325497286505,0.4843019646909602,0.18798573513651606,0.703403347938113,0.7632623045867333,0.6463401400019073,0.544392347162981,0.8386374654990801,0.7835452393684137,0.7522906728117142,0.479825319504955,0.26553290168277344,0.7748117122960173,0.8760279167075812,0.5707891296108839,0.479525457471084,0.9496159099633833,0.43992903767270974,0.5502566267445244,0.5950964721005352,0.517174360862966,0.1961815122463092,0.6797534098495412,0.6382228903568978,0.2500652528295513,0.16790769829925112,0.03356785436383147,0.6535177042025893,0.2013498467220466,0.46517568656245756,0.35551756444320726,0.6744315669557689,0.4791288779083913,0.1653805143341669,0.46217992734768165,0.019924676895457738,0.0646485057457502,0.25314318966701665,0.2612204254935192,0.8273075388700846,0.020421915543708424,0.9517892040810481,0.3294298775720452,0.20848808949359454,0.07643412726449683,0.6466327680224558,0.6523070184846794,0.9256519122014593,0.5053491588699301,0.9997061275531781,0.5655010040491983,0.02244117245402044,0.4017404744732097,0.7862383062698471,0.15815326710596034,0.41798685814676706,0.9657167689288473,0.4451012743637266,0.3991563027126579,0.07368836285123648,0.15791732973040828
0.3286052926563432,0.02957223758018146,0.9764231481686934,0.14070192598496933,0.16144001175638745,0.8279314346593964,0.8469083583244733,0.24946274065527296,0.2742211578742577,0.19985776859519955,0.17822544773369553,0.8483365907175351,0.7640174216440356,0.16944323727122046,0.9370580461231367,0.3161975208046577,0.8523954894053178,0.7570221413234466,0.018981591434396594,0.5816617960122469,0.36093592351561476,0.4164704569147294,0.33918376289811414,0.07993815184428243,0.4048363358052103,0.6748837324841055,0.26128212564336917,0.7397084318650913,0.11713201952940955,0.36846246177257935,0.9194457932689362,0.6248247146907878,0.4592291469143751,0.9006610590637985,0.8728163638670737,0.15346111548466956,0.9478587319930463,0.7621326805606952,0.4462623914511027,0.3964596165592714,0.4342242589563632,0.14672935881605387,0.057791158990521674,0.816961056951337,0.9080298005163725,0.8737924735300893,0.8104799566798863,0.9550137935470536,0.6672393140475191,0.9841961673094911,0.6355788089447818,0.9837044603655087,0.09383202277304536,0.3160822336619963,0.3134750879213788,0.7674562674470031,0.7064829924658832,0.08595180467698949,0.770499934909451,0.03849251240446383,0.12301175400291542,0.0017555660160116782,0.15209511135418863,0.5740636991682633,0.058606082124626036,0.7168512849898462
0.3066482328699467,0.8048893268566512,0.5102421652578711,0.49717299296265804,0.47934330530145663,0.1143657504024862,0.8333862561473269,0.8186839562899614,0.21166263216793701,0.1984440535150208,0.503977163764525,0.2381613089315463,0.6697148722042129,0.24768290336399734,0.9768528288595704,0.28758675090470254,0.8833537395130254,0.38583325922806455,0.20119844874653292,0.33089506965946003,0.668090128184903,0.7534127663088328,0.034257645027335415,0.29155770425477623,0.32309031816084166,0.8600802290743437,0.006461941356056933,0.9104561384038544,0.5510910715508156,0.3462210750768173,0.6342985142176812,0.725725748439629,0.42985244975765824,0.09200694528190001,0.7516495777694242,0.2797277368531942,0.6798074953124337,0.6912939175505267,0.13600118865001287,0.15303311843573952,0.9188572850188768,0.6680753248031026,0.04283323308771225,0.30127931808039354,0.07279909563908571,0.45480701129569023,0.12966642307330034,0.8279866379626449,0.6186639487851162,0.07477385314593721,0.6506563404142224,0.7648982845876896,0.8782796295682106,0.6747687326402309,0.7332881224881158,0.6511340812910317,0.1506635577773131,0.5397059047996469,0.010640218618729103,0.703425040152565,0.07438949193422473,0.9873928392152094,0.8758489895889913,0.15192182589367065,0.2448608942428211,0.5895359102074726
0.14982057630292123,0.879547420874793,0.7764628914931762,0.494157085025969,0.008899864010476377,0.8475902082803632,0.1958537012645032,0.2349497564819515,0.6061211831251779,0.9162109121778349,0.7801958695493039,0.3047044374865472,0.9378289491855625,0.5757626563566468,0.2129160311660948,0.9427855296614549,0.156870392065936,0.7933007791210493,0.21962161673116898,0.04074256649443053,0.714227305164366,0.6483848988887181,0.66809187355615,0.8054909484505227,0.4228669449982453,0.6832525391276845,0.46879895124386617,0.8360981883188489,0.7807567510476752,0.9246706010858043,0.4962052336735301,0.5680637984083526,0.6644016168626973,0.3482467033194373,0.6661205260036893,0.6180824931732285,0.8099263840198969,0.1507096002225704,0.25069308874242224,0.42263132164722716,0.33564028889571906,0.5716444614317109,0.4901469632578893,0.7053238294630687,0.9281841939121362,0.16339484444363328,0.5691670875260427,0.7308251466767207,0.21377547559699306,0.3463202290497719,0.06587301470931761,0.007223866129279943,0.26672971950962465,0.8063245737512194,0.05261083056894589,0.08410795932462922,0.16935187353325298,0.7925473521603309,0.13033222142007728,0.3601936817497312,0.03045429258945409,0.6553358537686178,0.8121184398548995,0.3622078958734356,0.8941726213880912,0.028093461453451374
0.8364460746564273,0.7858257261475615,0.5264147786499296,0.9013255914985341,0.18708084558831728,0.6998172244217032,0.15319233854392666,0.4631813466862176,0.8240240848938348,0.7061581404219072,0.8432474869773691,0.988015493846281,0.38872634074181456,0.521711392466758,0.37680322182383585,0.2429720298075818,0.4368211401240346,0.40118767172224257,0.12292804725295348,0.8523171055774952,0.07292110837155974,0.056444760848892495,0.6599205582520394,0.8102257655947894,0.21455794228479752,0.2437872290977302,0.6162839327960352,0.8649531565123182,0.09613632449705345,0.9887792138121602,0.4842735385799751,0.810797879468801,0.038811387242008166,0.4971847116235506,0.9636655543063808,0.8189915706925642,0.9584881897475191,0.16100194297025305,0.7303083031314567,0.8146249849745946,0.5616806398918507,0.7101587453536744,0.39218226892562613,0.5639482406639463,0.6877566953594134,0.48328866198775555,0.7951085608214633,0.5748583788350596,0.7961352855249618,0.9951083551828189,0.7709096978669997,0.1331150164674305,0.16828982690452576,0.46326848271004073,0.8827410183758667,0.7978006105497804,0.9969520913313161,0.7241522156176315,0.7154743919597873,0.46176890072307986,0.16869924230117828,0.014946597793396244,0.7834309382548974,0.6463014805550384,0.2111461556906713,0.4284138732404932
0.18342221600585062,0.043918981356844355,0.5722536730025766,0.45714130604244785,0.7079748909443017,0.4492698885994245,0.12680312068837085,0.9356495012873952,0.2517766775591902,0.12524702629843432,0.5638762413770134,0.8615912796373091,0.9937962510849927,0.33995739147061865,0.09921835216120378,0.03137388621928894,0.018193444365993128,0.2798984728664089,0.77765232315359,0.16088964671042816,0.7490502572359857,0.795670346213146,0.48324959134976164,0.1786414525775223,0.8171173133290605,0.4687794157936509,0.6587534997476426,0.6764007810049788,0.7511844455117411,0.3015662372023439,0.6507893326392828,0.08163815266262886,0.19234786778347257,0.9270164681703922,0.5436846838249553,0.9763164838334778,0.16636107572303038,0.6111907726417066,0.3222627683637519,0.12824076655676675,0.3174200188921633,0.47823531532479757,0.2127599107648842,0.2240073979144087,0.9061474869223185,0.32641213115980583,0.09105827786155929,0.99669966999707,0.8052058542127765,0.12331438143285411,0.9187135292041849,0.4268261520410206,0.6878808445205852,0.7694082362687952,0.2697959217778809,0.9616013399487265,0.09814384768344153,0.0012700174734429082,0.14535299112682432,0.2455184412385324,0.11511343194341561,0.369363536218246,0.43734077724105136,0.6842669906611734,0.8805017423201361,0.06992898211982634
0.6001591923706072,0.2743981911866207,0.3445446882229629,0.03653162149173783,0.31546713370163293,0.5227435131986763,0.20407940574243144,0.10404498926187833,0.19474094399550967,0.9524431978279386,0.15584646486857756,0.24631967319221337,0.854079751762107,0.6465427759525557,0.26875799217202767,0.8585153992240954,0.01704971164906255,0.5154674579947675,0.4907875469505144,0.8060512161245524,0.6538985251608526,0.4912859285129044,0.04930122673313897,0.4943540003592676,0.5492607488882618,0.6495262615995848,0.7780635466610628,0.527063370987049,0.10551281529356471,0.3384085801425454,0.20981580880080775,0.6150766509868457,0.6352270968694775,0.7557105815966154,0.610238936993829,0.2747946845994772,0.8737115674677808,0.05508335367004136,0.997276355345436,0.5111556016960115,0.951412554014093,0.9864868993153733,0.5892069240235819,0.11952012746019958,0.6059956645381795,0.2795159468148274,0.055521858667871626,0.4601990221133275,0.9852098719945107,0.4637385021843623,0.40657369445939506,0.5603891363943281,0.9941786047665809,0.586770940990957,0.351129310441335,0.1805118129252964,0.7745504679127726,0.33866495023948906,0.47537325104355554,0.04542331393713417,0.5679818328944415,0.42028372057053,0.6525712950911726,0.7856940409911888,0.9127119313681701,0.6036954429615495
0.6795190371928462,0.26012961006065194,0.8495308634258366,0.8242146308945852,0.2540632267804621,0.8379332049963412,0.5722294002192561,0.8165727753867624,0.05739869011454246,0.9073857543498645,0.7476586964720782,0.2618016262538174,0.8855070404830374,0.34764658752489597,0.5518174339139229,0.14676392050851716,0.48601795243037516,0.9512537120823541,0.3209224639902838,0.05486784160070468,0.9999371678741508,0.8171300127608939,0.6002081974226352,0.4043534277254074,0.6821003870146074,0.547377582140517,0.28823972481065907,0.22964004864276333,0.8798752732442134,0.6758691390368217,0.5208123536804861,0.9615761884437809,0.08654870901263723,0.13262247762002521,0.9160507858690636,0.8040344524302583,0.25399988563963605,0.7051696426914266,0.8111091704771585,0.7271453041044587,0.44867425308640496,0.39661006945615707,0.16091292414723968,0.8015660796607296,0.3655372310728573,0.29976245970880533,0.8406717554127228,0.5835319281168204,0.17660075493146654,0.10780759470200019,0.19643314750759433,0.527037909339857,0.6837796021712571,0.6640404043476752,0.821733723692677,0.9473527648158461,0.7702487937486574,0.016826151341179374,0.7034455849917522,0.8891659448669609,0.7001372189297558,0.29058239828806,0.07620378607486444,0.3630219553642773,0.9033067692414044,0.3095848204987931
0.5523396157785465,0.8052967581642717,0.500130238311761,0.3186214581409449,0.35303422646554994,0.28982317527652157,0.9705953782197989,0.33299677320933674,0.7564453116584036,0.9733734143456215,0.05272682911035953,0.6201129803219388,0.19984962981741883,0.49255854682659206,0.16723096519358938,0.5658335375268472,0.8253821010541145,0.5463062851919492,0.40843373884641987,0.7110590911548864,0.642742239608714,0.6959302431707698,0.41599474928810976,0.05742378430172457,0.8972771921920454,0.4939047567868211,0.24754554478698232,0.8357458172733048,0.6781398659720174,0.4128116482176022,0.7093137265483945,0.8068427850577226,0.27875977521248685,0.6875264364369046,0.4699587848926051,0.8215490602524271,0.33065298452221326,0.10656339028238082,0.6822596315673092,0.8052489077441435,0.27163733965752035,0.9925996928672444,0.7679574364485251,0.5519655866473425,0.2808069842050447,0.09755159784644984,0.4829723460988129,0.7140233112473103,0.41516058161051794,0.9041760677610539,0.3733756327144975,0.15552547185543075,0.31656592854431465,0.8740235687986182,0.25691371390908857,0.40136909267764465,0.5227826036263022,0.510668757712318,0.4205442120080426,0.25824202271406804,0.1125541387864345,0.7174979705110295,0.8113582314830428,0.8100261004704843,0.1423192766068544,0.8209333097801517
0.6164272205239636,0.8972556694058648,0.0908817323523714,0.8028252464144996,0.27652689421387733,0.8787579280872917,0.3184165636191443,0.7398468861754004,0.15935447901712352,0.9433278739341535,0.3674803133369876,0.18307472802748892,0.829770153603175,0.49026687667229385,0.786231309731523,0.22754233812597524,0.09775669972979395,0.12984140417995826,0.03785541785240276,0.31940471669958337,0.7992066748811303,0.6681935877157176,0.9752317076471837,0.42745321348341236,0.5703092562399863,0.03596331137580444,0.3061615011734381,0.06607159443939858,0.7132238133214686,0.4958571862327261,0.4520234142199079,0.7983262286897891,0.618890936149882,0.6216264757198636,0.21150591301958144,0.2707345037592622,0.1122459845706213,0.47939271746560863,0.6811080715229879,0.5353570986994911,0.5157637569390323,0.16198657205585276,0.9553883259343648,0.40021158885136265,0.18917771898363067,0.32794141214452255,0.23248000639086608,0.8156062331232194,0.7963804505729263,0.6790102234846337,0.08418148940189107,0.8518441815655292,0.5749269419870019,0.3735507793811774,0.8149677801479951,0.6528504827613751,0.43922537681663143,0.21785071054519578,0.030559811914301127,0.860625080965521,0.8354152332080714,0.10344023359411536,0.7642262506857498,0.3970271393204079,0.8840955826028148,0.5656676818337991
0.7677819193014002,0.162247362088057,0.49648122478930024,0.5272886361417863,0.8642861985815073,0.16342646933681093,0.8302279983718481,0.26054676431238566,0.580733460568239,0.8222297509227537,0.6630829752056475,0.3522003148788426,0.6315669782550493,0.7267890372564144,0.005678900137435772,0.98817570543955,0.20763649581638166,0.8912749341819772,0.5492064550294908,0.18800524940785324,0.4402590446907241,0.6654640614407576,0.34936245520991716,0.7139330571338859,0.8563315065266554,0.7970170569456155,0.4848852880572525,0.2555501864075419,0.11798219670013776,0.7907851549057382,0.2971537427232037,0.14804553451410019,0.8490385341424713,0.6323145904852612,0.2167389512974257,0.3206366931847131,0.8906259923730374,0.14681934438703115,0.11346337237130388,0.39147081193435074,0.8995034797809301,0.7502448457045514,0.5684351211265405,0.8262623848397463,0.80527861727541,0.11564617402289301,0.45968924896259133,0.8601613751691394,0.27643600395557344,0.3259565305669955,0.7774826017029649,0.44582159396314713,0.010150295964013512,0.4133226605889727,0.640952166613514,0.8353660358040226,0.3571450516874173,0.7955362320672625,0.07476114134326883,0.5299218896163859,0.5203975646292649,0.011690601101940978,0.22252135388460392,0.2376254493927903,0.3252784940421921,0.33204551168990415
0.3231941482679518,0.1694724835465159,0.3487548158106679,0.27118230520036335,0.9573362140962323,0.4721175058298952,0.016573023229133566,0.7688846662748378,0.7819710212031965,0.847700803727931,0.1298790530170948,0.819781394680661,0.2160303448740647,0.44300925387374945,0.16652036761615552,0.6306391354284095,0.3127246070565486,0.9037536829626875,0.6173143332513291,0.9632942434076843,0.36086450584475616,0.08447126552257389,0.5638566119972607,0.18156540461148607,0.5940710301444067,0.28053915206010716,0.6819821556461517,0.6620890501550294,0.7549743577615206,0.006010975518546791,0.8637801455746374,0.6518721987788778,0.1609169805061279,0.2794652778765052,0.6911038942317655,0.35945822935333505,0.34833936630862994,0.09978107304528983,0.06480511984884574,0.051953107896389183,0.33494187714599055,0.294732192197953,0.39646162989938716,0.19676067271743247,0.0318793420649921,0.20751920522295764,0.9031562443533449,0.23472760895094913,0.3626601651011685,0.7498335207789207,0.7109036509441578,0.40050009572180834,0.2010844212799946,0.19477534513745032,0.6686115416564452,0.11624567955638321,0.3274707523950281,0.7089237086969981,0.0020007909876846863,0.8764954780028696,0.22058520481092236,0.030082942446983396,0.19569886721519592,0.21471333284872995,0.6520992704569969,0.8857071607638941
0.7817598513116243,0.2963003257475333,0.7310689120292018,0.716730231654277,0.03415282295486921,0.9180944103346934,0.2578397542863802,0.022505715504656854,0.9213005520741,0.2110264298705007,0.9899481701872304,0.17478780863701726,0.0525381905335206,0.14044559730868522,0.6970019549325993,0.8621604534017003,0.7694019539665616,0.9777288852926435,0.6871882438989815,0.4210489324812402,0.9789459990752246,0.27714036258049835,0.8249703366768425,0.1854243802673211,0.8038248767392664,0.5335082164862153,0.9276994667871745,0.6445385067480959,0.6326687631133963,0.6191384518529386,0.8282812173567621,0.6365020236941953,0.6943163232082132,0.30248623303828337,0.3217006724996172,0.02524732387851525,0.8507607745598017,0.6364570164710648,0.6751242159779185,0.3093921481714109,0.906202368116485,0.7708114678486762,0.3744601710806764,0.3937475343168182,0.3633901856063432,0.7909995225946281,0.3046742797890897,0.31769018560907136,0.22347572162850649,0.514850724856292,0.6168203733742869,0.07934578249675162,0.12188843109909508,0.7888990962100655,0.12166046241572659,0.8205061472747702,0.820284046850563,0.7177230880989662,0.16791239337761632,0.5444301724366746,0.8334041072712854,0.4325319796470585,0.612577851888544,0.2271545915332307,0.7597254870252466,0.4593321068874566
0.6714667237712174,0.6526673039217025,0.7060667138136714,0.4823577773677581,0.1499487680074626,0.5532728827789876,0.04885757865072149,0.3150530974946105,0.7971266349197489,0.6687057282840417,0.6585672644102913,0.18874275528955164,0.30103954592150617,0.1510238316656668,0.6288257006986739,0.0482313133931771,0.7481698039732315,0.33704184869248976,0.49806123977326733,0.40392196988921913,0.2074390924200934,0.28603910848393255,0.929017571457962,0.4316474252544291,0.46704542785994685,0.6377049194361369,0.8203010149645136,0.43425713954986933,0.8519056137727159,0.2837596017480436,0.8641496526051885,0.4831065917322791,0.48013209583294736,0.06641686363944,0.6359030487735068,0.04294598224443802,0.2788874706444441,0.21782903188670188,0.4031921880960513,0.6503072120677654,0.5731233102828376,0.5368836905535737,0.9766569743895551,0.26333949243288235,0.0851248792992163,0.3631969399440721,0.08903859591765984,0.7301458129019485,0.7384466243827881,0.25287428401529566,0.9857822889196571,0.9330234549615619,0.746738064441066,0.8865876368581361,0.1378260371532224,0.5576141677826729,0.08612284569418893,0.14774317185487562,0.2460389688770983,0.10882024415884362,0.5992089330825308,0.4969907787368444,0.9968127835417437,0.7494449899945255,0.6594711774413546,0.7390534427250967
0.34959843189819684,0.7728674070810998,0.5366615544154316,0.028830474074195922,0.48971926013820355,0.03766231954918842,0.34706709676097725,0.49595583153701317,0.9635810898559608,0.4899290865537157,0.7468486566342971,0.18046868518425407,0.9284385854225284,0.9781931163288698,0.33235872987602955,0.06698056465756497,0.8951664293403259,0.9260966264990832,0.048249641754460004,0.8806994349144595,0.8200229117681251,0.06969591944969189,0.7723482329271715,0.965897993505316,0.9101823042579946,0.3890345716583906,0.6456868152850377,0.005889931093536083,0.047852096423443014,0.5677632263987478,0.646744363094457,0.5633043022256098,0.30907935416980337,0.7999283520451196,0.37086592039469246,0.420424978214318,0.6558905365307547,0.529653623375063,0.9689924432685884,0.48158857885173145,0.5141970021506378,0.7572898120829968,0.7242471146368379,0.5631107664550543,0.6149387951931735,0.874709761594628,0.800588165674837,0.7409375430839517,0.17222713205434093,0.6027770908331466,0.28465297806108714,0.05219451929822583,0.19978603837860864,0.4956189634983754,0.7600811024327523,0.2540340189273622,0.5257819213203744,0.6491845289754544,0.30301935550148285,0.03165596319056263,0.856169589296713,0.7056720395332108,0.9681746143239336,0.517105586881413,0.05797166843435608,0.9807597571494008
0.5466956889235295,0.2314271377561986,0.6864478659066835,0.5571770323897426,0.6203280928062153,0.594979541174962,0.6638993817518788,0.4860032166362783,0.7107008586874063,0.9641965919630374,0.9328929858402258,0.8161841026661717,0.6282679359738969,0.7478004451787159,0.8529780209517971,0.03310709562469982,0.9623408245309298,0.5314543878967213,0.08750925224348316,0.628677401124057,0.021813469173847855,0.2970665967533894,0.7359766884418099,0.9481896845499513,0.43559428629532304,0.761434024597499,0.5072836483600439,0.1633908344094115,0.05242402471260621,0.5786414507963008,0.8007021313691014,0.20648124713000438,0.7416728414618746,0.6516075620533549,0.6637749194372785,0.7664033235356867,0.18987342861720247,0.08039657151505131,0.7302217696024841,0.9966178948764814,0.8121614497406098,0.3383902887726944,0.4059470494031566,0.41267024593526336,0.45345835475398844,0.11214206483345934,0.7675344389754518,0.5681996436597766,0.6411460021540262,0.8667110118642696,0.8651538822591465,0.48964717446606487,0.7691463546839469,0.6055008026880773,0.38059513221181085,0.5227688346328195,0.7427336334936588,0.4821044993121575,0.8811805838776391,0.19816201558404645,0.29407032903256625,0.8913830080186487,0.2316000385820065,0.958365165147909,0.3903727022523994,0.417981877701992
0.07824864199543491,0.10569211455359251,0.8997752562033359,0.5527167895045176,0.7044380380519448,0.1278138174449125,0.954377980052787,0.40073576095541963,0.9698905992806374,0.637202288345543,0.255623728146111,0.7000916344346035,0.49421497332416586,0.5209024762598371,0.9040679970259349,0.345335920779564,0.7216004200523632,0.5387000784234008,0.20376639958204368,0.2679706052251437,0.01275690768723392,0.5306040286058753,0.2909202118211829,0.9640720881239526,0.4501661400160346,0.5986648024656278,0.3670835502190424,0.1791274954641796,0.6139987144249438,0.11350068472186714,0.7791505429192064,0.2610997783080763,0.18859088585817585,0.16250595961710512,0.18150421653674453,0.474965652121883,0.8931640343378513,0.10456620168157171,0.5401235930303436,0.1354457812661014,0.8955084893803841,0.2252081569135319,0.7941089213116095,0.7593741163086717,0.563643073788602,0.09646217962668835,0.5769995295561682,0.5651292766271289,0.13799996928091607,0.13731796991080547,0.5184224053070544,0.5537777221649856,0.6654744362857556,0.04350470233508885,0.2960241391605821,0.09505489470255513,0.3267172170222652,0.2094294208754195,0.7883024712556248,0.4110372458489261,0.10933713964261416,4.578210784224046E-4,0.390868131187165,0.6013341375843453,0.632219958727496,0.750324403989336
0.8018313818110266,0.8858560430399566,0.8099591234844635,0.6563097138962988,0.35642208130918585,0.5546910567426794,0.9614324413024211,0.32392391391092235,0.29661580983830216,0.7093490657591873,0.91284861520757,0.5731882353080507,0.19845305289610948,0.2556088918994256,0.6231258923746431,0.2602066232122451,0.14790187957752476,0.7654308980901215,0.8682544132941842,0.2905717258421827,0.1555295035498402,0.763873485609515,0.561333239499451,0.7052511940255353,0.7309112746975522,0.7166788431614167,0.35626141883398976,0.7049515207330246,0.49962032803002177,0.49517002186447867,0.285602130773014,0.7455581020093155,0.23880486981882765,0.37732729119360275,0.3169277200254098,0.3851023624408243,0.7317744438559594,0.7073892384263485,0.8769925113348612,0.39180757403383915,0.3976799881816382,0.18104978095092472,0.5893694040450156,0.7331170594872528,0.7392874190049933,0.34929935573237825,0.6987252970889921,0.45720999139104057,0.2700076600824334,0.34118488754270326,0.9136993936078687,0.15136136529455269,0.7307608997943807,0.9942398795293677,0.6903878562332221,0.6156045180130376,0.08791606671099994,0.5510621179473795,0.2997264602553019,0.6255057249941112,0.015461554433350289,0.8314937659472041,0.3746032497080405,0.1744627599898012,0.30772634284541867,0.3220842824797666
0.016320912858644232,0.3837897819363022,0.9433854616957403,0.9379940540163418,0.955068799593555,0.34795343193687156,0.32714721361024424,0.3072224118159671,0.7053528079015903,0.5426761503063454,0.5724343249237591,0.30302104455689993,0.13487064599315512,0.06522414359974116,0.5565344226879962,0.2075794717296371,0.374109336491914,0.8990495169413815,0.8791098952986943,0.32854670413880505,0.5339804053248537,0.5990569006439718,0.7856214197388196,0.10967923572670268,0.270097465633225,0.279117422291319,0.5791324854002087,0.7778820824680172,0.8348403148874562,0.5500533212589566,0.03712761459569369,0.35113651557814474,0.8921379448150814,0.10416905929013476,0.8743902028592105,0.3952842654360703,0.0349428648638076,0.9715058570505927,0.34865004759185725,0.2623649236734419,0.6416572248387387,0.08334801539708803,0.6926250160939343,0.6691792258826755,0.4353113398811702,0.670111384929222,0.17424520827092205,0.381978568359965,0.8680832136723319,0.19359558714717384,0.2362617529429959,0.461656252393007,0.2437875618636257,0.9676831827966238,0.347107008298536,0.993543729531042,0.31225149820915565,0.35692076383363036,0.9067865092635089,0.47689101108341614,0.9220329955262327,0.4590179612122237,0.7947472012418123,0.08133707209017937,0.20172787476645593,0.4751530253740859
0.9210806949678967,0.7911529132466149,0.6551493517836416,0.5510735540603661,0.4480843816952573,0.05276619868499843,0.5019537650443315,0.7323343564569652,0.18611672518090738,0.917053061499108,0.5728252304025084,0.8186142607737826,0.03584810228857094,0.8251092856028899,0.07712050194319098,0.32490670397612786,0.24842182985962735,0.12468945313029711,0.6009148850163447,0.4614794654868464,0.7057040845928613,0.12422964047484508,0.7646790396076223,0.029850989277714457,0.3847163546364497,0.9923451545024924,0.07235521224788999,0.3986321605952925,0.6635068314926492,0.09292185862424396,0.6173910497433779,0.27093408849168754,0.15013236312611966,0.40939616245415655,0.4763275621477058,0.7841435439883803,0.2720859821186524,0.5565451410355754,0.8168277276073337,0.593220093637721,0.9504192338317797,0.5040847634131654,0.9745702407260787,0.9802697139331487,0.30097272435930655,0.5436009648699309,0.012222813609510164,0.7060017238855401,0.45454226305681156,0.21881503911718392,0.5637483241386724,0.2727771449668016,0.26847209195595023,0.9089104981388944,0.08858561003462828,0.5043086392436209,0.9140805869777879,0.5056265606159404,0.012786737259404934,0.8636727825123599,0.0674880795978231,0.15704846517592852,0.6179806850868047,0.7291485186057719,0.705830635451008,0.36450250967056597
0.9540730001341519,0.9264952086056176,0.3165071273503208,0.8136896815313294,0.49788020022705115,0.176637378758022,0.664021572268959,0.19716851509393996,0.75743582601675,0.7593230517246665,0.12714672156813955,0.9425243316304966,0.5304954263473121,0.6161752421445008,0.018548479953763186,0.1990385400047573,0.06580580311755024,0.32065714526409095,0.22967522242030092,0.6553983940861065,0.9469932580908359,0.8278235480383468,0.005630213190530031,0.7619638914724216,0.12146469394328174,0.683332138258519,0.647908927571211,0.713335414663806,0.13050447812712807,0.41904031805878006,0.46729759703128526,0.11044184498767107,0.2617889659602848,0.1916143832725984,0.36489305583944776,0.5660958753298224,0.04182960304302363,0.33092970164837765,0.006118424585819238,0.643939739169205,0.2133946313522599,0.3566420807335633,0.6707725188174012,0.4279304264353311,0.10174881678896752,0.19416175598949204,0.5115657871468959,0.7079913982196665,0.06358885314239837,0.775363781917145,0.13425897800894604,0.23718308890494522,0.533842158618168,0.9447188997093378,0.12443531974823518,0.7667214767709288,0.038035119779557314,0.6081319972727928,0.3891002864362678,0.5974010883649429,0.4217261510827435,0.35962545364623133,0.9557183644892849,0.19945436856520282,0.4635380787576977,0.4001074833077358
0.17695864090967062,0.047606958692015144,0.9846132659925303,0.42281601512251266,0.12633679108739115,0.1940639218124255,0.544854078859607,0.28163108137572257,0.33810365567019385,0.25938970357802305,0.8251003170431203,0.6812996526913406,0.9441458287908691,0.45971999917341955,0.8344340703876699,0.8327189572614497,0.6913267208517724,0.008471033571156972,0.15309216956821703,0.0017753623290861498,0.28461141652338484,0.7316883263749577,0.5240046224000645,0.1468377200257479,0.9944825659001211,0.018402833889633707,0.2397669678815889,0.3878557496887731,0.491567836797285,0.29083988347306167,0.936893803172697,0.879115410563565,0.42706489058398,0.02405236475606687,0.6054889502887407,0.7680546401566114,0.3644624755424082,0.9705258729887347,0.8500077946639604,0.31414497990084655,0.28622155905280666,0.6525312079876119,0.6955755216201609,0.9146952758532688,0.04849336162930895,0.3734746753946513,0.524364726432308,0.7385361806271294,0.8376161972248095,0.9692244541394412,0.047824422398266675,0.9038950173887624,0.8940462760793629,0.2713672657612576,0.5730918158505677,0.65337227542311,0.5125422477529553,0.7865760619802662,0.20570732921377843,0.776783112655069,0.6018371815982322,0.40974667502636053,0.04579211380246884,0.611727746850324,0.8926955107395561,0.08328684734455483
0.8811364928334453,0.3121074877182375,0.22016674007341686,0.19091866260065404,0.35818729288259965,0.7164033453069745,0.1740119173510687,0.13158147272442033,0.12071005571085991,0.07038704013771713,0.8106926016171471,0.9574989379040999,0.9459423973056541,0.06303465186646373,0.05097625902990366,0.18020044016041226,0.47934279698331395,0.11976554623687685,0.8491262551470835,0.8492638814787772,0.7715789691944442,0.6637303662427966,0.21280843319036413,0.7907732427273466,0.4551883862106888,0.10372346148675271,0.6772603401529168,0.45596060246201464,0.06338299944376191,0.6363968020732137,0.8929335017902177,0.17522954889233822,0.6897593202446265,0.5608040011984815,0.5727327700570807,0.7387327689753597,0.915213499431373,0.6949044495849352,0.16314140095870044,0.13190371822440228,0.6871509299577783,0.6565094305091697,0.2529338871926329,0.9428183536870047,0.6261183578400674,0.2252532144962449,0.913843186668329,0.4279898729100763,0.05627560886963823,0.7375241967258142,0.8794630370594226,0.47417576835612485,0.9086635694346914,0.48289236458214524,0.7118294832679608,0.7260030545224282,0.5300134790354009,0.3684208851660902,0.8795406999252118,0.9626942539452666,0.34488203067150625,0.6963516064903026,0.9769376696871934,0.4019029826927458,0.26518596660931826,0.7610053260868167
0.15078230666254844,0.9846450522633065,0.7187482944576054,0.11233937639157499,0.16903413323121552,0.8525367721467176,0.17725825657983652,0.7564571393127192,0.46574022706534735,0.16702971001285682,0.10408533737670356,0.26746462548981,0.9267174775756875,0.14005671497246952,0.31367706183508204,0.7704219920022374,0.14262007988771652,0.6464814377076114,0.8368098136554152,0.021738519251333743,0.3491494246626986,0.07096937282355731,0.5197498176170109,0.3612116549973202,0.2985775622763449,0.1053758817840843,0.7504219162415606,0.13901204080617346,0.8624192896567968,0.05747221258414925,0.9009716992698866,0.3312682449526655,0.2520021937081457,0.8578079103760747,0.30364610320178187,0.4495059993378232,0.36184826947324,0.3587343058709829,0.8357067308035944,0.5220490133628276,0.8901938964329904,0.7080900781723122,0.47912892156871467,0.8795894115618507,0.5716402510519074,0.5497768714139109,0.5421288978897173,0.712487585394913,0.06883920241400121,0.5544293633750333,0.5821002240979004,0.8839629135723497,0.8132846869850289,0.31561030734949214,0.4533299723951365,0.2811882555144465,0.3596927777972343,0.9604385797874274,0.3179040781199116,0.06540285078157027,0.6241184905413281,0.9182837979432478,0.9045001036321149,0.5425093843731584,0.712870898441033,0.1671383194402195
0.7773054756833592,0.017223127914822833,0.9174525647499615,0.9345037617954262,0.8860872203279504,0.9166922431759555,0.8501629475164925,0.2681057766312661,0.20847924103180215,0.6736100868063808,0.6256698654327882,0.111477337804607,0.866841857286706,0.3441915064580179,0.4557671887297027,0.5204272103086826,0.7045872073573257,0.7029875610137019,0.01770051599080258,0.43863740691198594,0.9406535178013252,0.6043635681259317,0.48085723635450284,0.014109300436031535,0.18585017063251807,0.7295677698764633,0.13228100049313418,0.7829049510198995,0.8010845375881295,0.4486691722664429,0.1283851403502846,0.17260678856944167,0.3050205807049009,0.4182445379360613,0.018402990127352803,0.685145433371946,0.29750829890948605,0.7085463771145485,0.33452776852389776,0.807121621032281,0.1551624402026428,0.7079850760367719,0.7243585240856762,0.16547527745974344,0.5767573806770312,0.7881101127165128,0.8131823220538122,0.6973307241469366,0.9086446322059311,0.7288765194515823,0.2267876438382026,0.6350745699501362,0.06418847084949608,0.20183479026378093,0.9799174800710717,0.9211978757784828,0.766253752352058,0.18798351150795534,0.7411346281730594,0.26216250428214793,0.7880698280831951,0.06737593306073231,0.32178638959480454,0.40652657168178985,0.845332807889631,0.25917305040827476
0.10491914402142744,0.3897915935699423,0.8011978730800676,0.7136873094539896,0.029407720845346486,0.42690979049111355,0.8858522989342162,0.2620629100719787,0.17522878082229998,0.8531169980977359,0.7036490169662933,0.8145897090495783,0.9577209371775135,0.014732907643203674,0.90331936643799,0.6652498750458686,0.43183881405835445,0.29379713760395876,0.5205729569690892,0.7079476115776548,0.23182229022972256,0.513886116558388,0.16743169348906384,0.19897386934160433,0.22736580727882938,0.819182075201634,0.4389336882857374,0.8106099418851632,0.06428750326698607,0.744842689327058,0.13538237344427795,0.11237452472067622,0.3758610099994949,0.6039455376584713,0.15710469338044886,0.2892714807911012,0.600387616060572,0.5047590105429169,0.21872176840945545,0.8604962012306387,0.021250108641542753,0.28181715574119115,0.8512241180188607,0.39741059629353637,0.8576039915352596,0.3752529922019,0.5126828025389133,0.7561978490507059,0.977025325152388,0.22507107992021846,0.012216745453056621,0.13846017033685643,0.07584917359382126,0.060516900165675014,0.8668759148338951,0.37212382130803867,0.9785962044033713,0.05942707085152543,0.6573884514070404,0.16536752718942493,0.044799201468886385,0.7284208946348274,0.9262598253390804,0.7278920343734077,0.539705375579997,0.012020555207885142
0.6704999140226479,0.07669981395703362,0.22474428607865649,0.07726354609863784,0.021294510780188625,0.5476557417597507,0.35431548709866534,0.9400976941222554,0.2742252986687297,0.5194510937677391,0.7273636549023035,0.10082560685481401,0.036182506288930716,0.12319481894341111,0.4353735928149516,0.1380918728591668,0.8889027886311407,0.7587072370750249,0.47283098656378253,0.7743832027085373,0.6341047578949708,0.5676934585309265,0.43185922631029516,0.2707377409332199,0.8814824953218503,0.624325057879391,0.08965668122414339,0.13433688140637867,0.4683575820154061,0.4953598527161872,0.81552243357157,0.029879114433017828,0.9585786860799356,0.9947818920740242,0.37367324641004407,0.4741123173359937,0.25829653193833746,0.4120445165816764,0.8787179188940134,0.36262695172602744,0.20753209417077245,0.228351669833876,0.3725698134105505,0.6289896976430198,0.8589937051792909,0.35201344758679765,0.7347417605864993,0.368523691950953,0.03938879457076794,0.2017641635415407,0.41238245875069657,0.5725171795141538,0.7035147163901603,0.5460322458057826,0.7620766799462781,0.21337027923182195,0.5377018050247193,0.8665030980908135,0.6323462192140212,0.7971652277109925,0.24672160892911155,0.1559175020168917,0.18395241693971898,0.6573718714477274,0.96706167989631,0.48289988701770625
0.8445151247452649,0.20187797461225598,0.289507683901955,0.3607118836792058,0.7246270842974664,0.04525871295461659,0.44526242766217816,0.9421789718724437,0.7845566815978292,0.4591777785496276,0.31237089976304033,0.32963869690749936,0.5337961950215793,0.8560384457645533,0.033008833305553265,0.8366110290933179,0.07012679478105277,0.08447915994773048,0.19723193304488718,0.8669928685715522,0.8205351977601596,0.16003586919226598,0.7450716729220915,0.18793037197321227,0.43323159942481193,0.6802685071203134,0.9664028305982899,0.7641238956623959,0.8881820138813645,0.5808767130470507,0.2367967155293883,0.9941727449244481,0.042982301875206574,0.07780588769535757,0.4176132156300386,0.14366746018268917,0.5115657906819191,0.6100713077199741,0.16987423036079674,0.005089859984505507,0.9851493436766477,0.3490048136287942,0.7839994340276102,0.3311818900030684,0.8479881335940237,0.3718547534973462,0.5112748424809679,0.3862966418002727,0.21492219041978522,0.9111468098696066,0.7979636852143605,0.039345500839998104,0.3233629051659055,0.18593971831956757,0.2692580899252929,0.18230791101298882,0.5492808425437511,0.19708640366800456,0.7878088443995342,0.8998713052707688,0.18492105484558174,0.5258378628192938,0.4203602330058157,0.7386202115112103,0.5153854520285464,0.6136032281272564
0.6860554169695985,0.6282953996126494,0.6618865896948275,0.22040661045388765,0.031267020785289756,0.49299550402338643,0.12139035813288424,0.7605573710809261,0.07834698008572527,0.35679480677668685,0.9255301575134961,0.9962771945108779,0.829478151626458,0.7961026475842128,0.8660884567267376,0.13350417860836084,0.671850112649676,0.9201916596178646,0.2900059576204125,0.7088201559090104,0.7266694382920358,0.6716730709713797,0.553792641057,0.7824246666219192,0.8120553251651054,0.13029951034269316,0.34537903936685543,0.8593048866752832,0.04865894511590019,0.6763268313183693,0.7308601316379594,0.6492281000160743,0.9268850875140837,0.32376824071401145,0.9642483981550446,0.24590919185487714,0.47588341319476524,0.2692254843516583,0.8102662170381558,0.5566826767450433,0.027015160702053787,0.7185837087913619,0.3733727874766172,0.8462351592605677,0.9482912038679486,0.35170758347837017,0.2006334989268067,0.07143063044991871,0.6413156062625002,0.36437848028684594,0.731705111228925,0.2789877046993007,0.03855797957695817,0.8870635823500229,0.0061229917880140095,0.7137442328943356,0.8163177464297743,0.7217097877254036,0.906241696425949,0.44247183621335906,0.5475313151196016,0.7606061145906065,0.11359329732580903,0.2366785702453965,0.05861317309987146,0.1554610878411672
0.3870929140586896,0.17756526574412423,0.3258106893583478,0.2901917473118032,0.7334340475060577,0.9472776713164345,0.34909111594050435,0.8775234125528945,0.5331810980445424,0.052822061578570834,0.5753689684412542,0.047350875007581394,0.7104799629181489,0.29249013747981845,0.6079204837371078,0.12391259337749128,0.5899722225699361,0.6193640817452067,0.13512143571441837,0.8991816939887809,0.1714117278530718,0.1824503084739988,0.23918282228089416,0.6014789942088814,0.17064751873374062,0.7332162467980468,0.5043491871894247,0.4311644992668284,0.3250498723186127,0.7737816130018952,0.634062286818756,0.4893657056613637,0.1421213045312092,0.7927418631641107,0.6078824336546833,0.16105275813726283,0.48194801885046723,0.6855780563884406,0.761499088437972,0.530371396320462,0.10731117183305727,0.9888343162633536,0.5569505208435511,0.20399703100885191,0.6096917513952259,0.8707200993136096,0.22521256455958027,0.9973743179927872,0.9250668863558295,0.9155213520270997,0.909604588727743,0.2990581117725979,0.9903090841444188,0.6151813790776465,0.416000131747695,0.5699737273531453,0.9591643901473172,0.1386381840675016,0.1846193311716341,0.3572654955093141,0.7961993612902805,0.3879824156561118,0.638218233755729,0.4065044685717707,0.9977707633942784,0.5702258164874505
0.6327799781816393,0.941377523478327,0.650986081294686,0.5144474038241742,0.33935184849060396,0.9465817616308779,0.03478675114305807,0.7463104694061697,0.5194606714136252,0.3374995739563108,0.4917005585983033,0.8954205688838934,0.821578629563006,0.22933168014309402,0.3544729874118452,0.3557209218730121,0.422400750053313,0.12871616458106583,0.29870228143986033,0.24509832883495397,0.06423365750890253,0.76246419201761,0.6107660827009078,0.6175994133755343,0.2985849910727597,0.4308936849465387,0.5097423646225164,0.5701331817290487,0.5360816735625008,0.22734450755693214,0.8426909979521854,0.3552628515591417,0.3241340602075513,0.2008097070602809,0.18457635077800327,0.8626661347430775,0.1263024953943831,0.5552194071643991,0.617275833711678,0.8640701983323772,0.7611114933292802,0.27676516772655013,0.2365325279975271,0.2299433031387199,0.5730960481107429,0.15975441990521255,0.7413752265780126,0.9209526106117926,0.3551534422061986,0.06183579514934501,0.29744203973184113,0.9331734434894795,0.018813343226808055,0.3610384282436012,0.23380881696675193,0.5332623196391852,0.01782743727139313,0.009918842850578202,0.032337170896315715,0.05828239952004832,0.5705196377446995,0.2862117564633815,0.4992208238116357,0.2745966537617851,0.7976263343361486,0.3247316000552287
0.9703238253130946,0.7912206810467062,0.9948957558715235,0.7818740424230506,0.8950670635724475,0.30525338977385075,0.39350388413236026,0.5319177043857715,0.16803471998719666,0.5204807131571465,0.9263843344991668,0.12342812151603066,0.13313569503985723,0.4249737408527121,0.7148578904559868,0.8344176887648266,0.2720691995899417,0.23947953653418952,0.21748669931011277,0.5565163193447465,0.2070079155482254,0.755629084231331,0.24186756715875712,0.41125994483051487,0.7968262488006239,0.9714637419309332,0.3101170357731994,0.9557049721972238,0.7868647783280065,0.9015079527072555,0.1900909778037364,0.0699282292896598,0.6841368368478116,0.18959250165818997,0.7569197481581508,0.1355742200354011,0.27304649816977333,0.6848592813713299,0.7332291011767386,0.9124622605917724,0.46110174721810027,0.4548550415075048,0.2714567527891919,0.5993683173891368,0.9497704821867211,0.8043481579845544,0.7879625629313841,0.9254472864797959,0.5625412578416987,0.7444789300606623,0.936170337896256,0.7603636186238145,0.9304142665831613,0.014080671883484275,0.11476742009759866,0.6540492666580989,0.6344629364813822,0.1934852680386594,0.4470282841300295,0.9211098927574596,0.8357696036664427,0.6708535361478564,0.7386162100947021,0.3702514840784663,0.8849536558638716,0.222047102486985
0.5237574517940513,0.5457014462924353,0.3966740364720024,0.7472853535823163,0.9434704051097264,0.3954492961398012,0.7989022348412067,0.2713073943193457,0.8645717912526326,0.6102344021416292,0.4224261679860828,0.6584853726092861,0.34447081875823826,0.4875588765551918,0.7829589218798769,0.6203126181475165,0.27430146685555,0.06660611392529658,0.8263909250829116,0.4999159405231738,0.7917318153156617,0.4527964282140575,0.5571378961972832,0.006718360172359383,0.8448288794749274,0.7048131754771798,0.6502008676986915,0.5441052974150877,0.10964583118347226,0.3922840679703158,0.35946906989851746,0.02392314952588326,0.3167382556435161,0.9489042358040716,0.27795999982138664,0.09386659784329199,0.9256044984625142,0.2436386476174468,0.280105507994065,0.5172867770806754,0.0010847895554659814,0.3717438483694392,0.2818564233912966,0.03967949808476112,0.09204239601007569,0.5276996300250116,0.2912926825961921,0.4520892551601948,0.890189581235701,0.9637435425935384,0.5905896732932155,0.7188906952319709,0.45570981471051597,0.4605524560608538,0.7896057068112686,0.9758869180354154,0.8363669010313772,0.44071656250747115,0.9220194843171008,0.9243894206941551,0.9780809274145335,0.841003633032249,0.7168609061868206,0.6479215707721503,0.9274896288507649,0.12601214007864747
0.671441791015144,0.16041440102703652,0.4608032361868064,0.3736635555871397,0.5761080743962385,0.05823914906164218,0.43829945045709606,0.19208617282820384,0.6968985697711387,0.4931484600136161,0.3800949480874143,0.3377936548871673,0.9091093761391636,0.3091742222818452,0.9863679349142024,0.296663808179386,0.69292759968152,0.5937567310276437,0.5839963532924493,0.7620738646418982,0.05171143020499436,0.08185630323308224,0.7716146061049057,0.898650871212675,0.09415834178203564,0.8215252570993832,0.8563811936775524,0.5154467986502792,0.23351666233740476,0.2603945128623423,0.02828852729975928,0.788949854333502,0.7001603037920703,0.4447557316484583,0.6016350120911974,0.974194799802073,0.3382602149781564,0.3363965708704809,0.06831950424651989,0.6213370255487194,0.46295014206464336,0.3470729114342326,0.15390577753746093,0.17540612852543824,0.8912987493972568,0.0664787424729748,0.5449451649876299,0.4785569028488974,0.1285636071437828,0.8168009240750861,0.46483376904452145,0.6169867114037271,0.09061719631974718,0.10542246633933572,0.8155199846231842,0.7587901373025504,0.6740987708818114,0.26706457700395025,0.17366678084842802,0.1143732783634086,0.9477599619195242,0.5876344653451865,0.5324130571190464,0.91765123862388,0.7316366191665029,0.9842721062782983
0.313666536433032,0.37410471893812325,0.8550925186306116,0.8795661620196522,0.8409001235840441,0.8508722975788455,0.44044545566122884,0.25263539015556835,0.15871314146542548,0.1944072997462638,0.145799999404994,0.9757488650459439,0.8129567410722937,0.9528290868370852,0.4188750441458582,0.45238425211673094,0.9640134557171985,0.4529506258411503,0.46302874721916787,0.2611009882820432,0.995858362104905,0.13606561267811446,0.7973471807306911,0.9793305131705273,0.6048196105138306,0.29192986141132415,0.0045772372928509775,0.6121633737785898,0.20449406740608667,0.34697343210409515,0.5038484968713197,0.08343875339721962,0.36706417020071813,0.1606312638533841,0.9595424951853548,0.05991921122888422,0.9362996251903534,0.3627821132414102,0.2433321621049538,0.974059420212635,0.3938180375082828,0.6256365541454701,0.7033283760789993,0.48685460297636274,0.03771670145224193,0.9050168630106937,0.8624342352820418,0.7894809080352203,0.5414772213250529,0.10882291677349354,0.5674219699761045,0.08091612545342497,0.5010839020458195,0.35457978190393435,0.040911593984044314,0.27845662681649785,0.6495850510489004,0.9633145470189955,0.2503441926451345,0.5190215777380046,0.5208665976652602,0.6036108518046928,0.5012069599331935,0.2913635872600918,0.4781956952550054,0.5475421141776359
0.18618105801052787,0.10278026065118206,0.18813092194113012,0.829284915524373,0.1775477787217402,0.42864840843100827,0.8166856508071179,0.20756646829912662,0.4371017141735293,0.3190789696316486,0.4521690204235266,0.22470110416787625,0.03598503046006862,0.4442172830309158,0.5179190974035903,0.32782262374148763,0.9262694928893989,0.5481899479527732,0.22818118653587305,0.9720205910219667,0.4867782155811189,0.25142600720678876,0.4616734931121079,0.8604405333949513,0.07755243466792405,0.8920569760675019,0.7799215226862592,0.993009299443032,0.5805328084673324,0.6293263046948552,0.701231700765363,0.9932986943189754,0.17843921894764403,0.3454161193183213,0.7562131724020593,0.26214157009743866,0.42949632628001566,0.9768248874433362,0.2970469537163729,0.8669669123831767,0.03256699876361524,0.7824070192248751,0.5102393667939488,0.7174210648538754,0.5454193727125624,0.712411191943278,0.5913867347588527,0.5006945721294472,0.7182672556236432,0.4813313027405267,0.580516800601629,0.05407532246281821,0.03538802011426356,0.1671103600708327,0.927861884161921,0.33760037436761847,0.5195359877482928,0.1602140617456841,0.4624571266419636,0.9362800421568355,0.8470333160114436,0.06831750052783647,0.06974725649370983,0.06922022299806063,0.3458345038517966,0.7458249548174383
0.049423255275189426,0.41206935384467225,0.5045248362661953,0.9621694644079146,0.821000234732579,0.649569096913713,0.20712694935465759,0.3488149207962328,0.37218652338138847,0.566588486308959,0.02675391443725761,0.17211071486734508,0.6038829966574079,0.6588734022104178,0.5605610383707413,0.16762494443040876,0.515690875570501,0.6988447866066819,0.9691132088129912,0.14130899543668973,0.9970952666987616,0.42712993113069553,0.5951978575893346,0.29382296047688883,0.8420305766034804,0.5571138075560623,0.7802786017594425,0.2565775781180979,0.4883234854953076,0.5776478261122884,0.7711975655722523,0.6415253588905878,0.8985474412856792,0.41815611103517747,0.9153999214900982,0.5014599373653246,0.9451127056541836,0.9007296381137052,0.17986657791498728,0.4735590359197811,0.6399539741501965,0.04540161573468071,0.3971064883509021,0.5361334299256933,0.5579675706427898,0.7176477360270634,0.5409730692425679,0.24702055059756645,0.8433886510614349,0.8112573084533069,0.7657339235730721,0.05178795330091235,0.2595883947380603,0.1450725512312342,0.90373668796292,0.750888532612327,0.8453096083967281,0.5186948719070383,0.6101783492471583,0.4971360063437844,0.8741490213356538,0.9201085788194577,0.367898815559497,0.7583454018584306,0.9791328750787393,0.7072741897016473
0.12078433551449352,0.5247103408145559,0.5005220379608635,0.6960945524992111,0.3912796910290741,0.6664649405308447,0.34252152487520016,0.47875931869239674,0.3556727311800594,0.7546053964459466,0.8833584648679403,0.9693241095792662,0.5002285459819497,0.8459218451201278,0.7732320705032056,0.12748286702887035,0.16191471139117686,0.7033190138144096,0.7759272795027932,0.04684304266675399,0.46937316786799965,0.6733794042907052,0.16242397776573414,0.11061518184419905,0.9429583201470739,0.9753502524882147,0.5486216478465996,0.7154795513467231,0.28707491018595965,0.46921169076921,0.4843391055453474,0.14349464996510675,0.7137135656122592,0.06520998011325796,0.54703794762161,0.5222634638071358,0.47299554478763606,0.8132165845891518,0.17125682322286984,0.4551751058201067,0.13470263657139736,0.3675002461717054,0.9535336869668755,0.8263911173532719,0.5641822210035822,0.9609756060367606,0.7126312611687129,0.4893470448030439,0.46668112663526085,0.2427188155017309,0.15617069413782747,0.0328917709169374,0.8360767255362639,0.3335170023041393,0.6073170940751558,0.5857883456966726,0.6371368717883559,0.23644486786287455,0.878949883003114,0.6681518436236767,0.5748553152978318,0.30293844617418153,0.04778979868718891,0.4275011780617213,0.8600723698441856,0.7995625590102495
0.5772437091222997,0.20745348582273415,0.4675053394902663,0.7466452319498443,0.9652669123600993,0.2886911930769064,0.5004770968261049,0.10717826329760483,0.8523326137272562,0.8146834562679987,0.9260449156544308,0.09286072183300398,0.31463619674850196,0.36874523415109184,0.12489624763327167,0.8238878579963497,0.8889518162600064,0.40436870009597015,0.4122920026456719,0.8300647267998077,0.7280975385288018,0.7473637030459586,0.9295015976114643,0.9130505622545392,0.16975447711836944,0.6861947577511717,0.07958891919566224,0.7030165081225255,0.9164241412825015,0.7460043021181205,0.9870713029609093,0.8377252214963503,0.9705977477243615,0.10216346656027209,0.29788883728264004,0.06801859767487461,0.4467498031894367,0.730792610416215,0.004284522865404705,0.7509253490203731,0.39055773701728036,0.8165460031489575,0.8786101872110342,0.1300773259586976,0.7757882146379638,0.6420565346168727,0.5307373012952755,0.5228496426116892,0.920579740123075,0.1687874825336555,0.06566545146856229,0.03461685948599502,0.6673906606192512,0.7856404576135417,0.8110858074352801,0.7027433119000082,0.8046700190722477,0.24951973577685704,0.6090705152297896,0.03640250979432391,0.37334847179462916,0.6711553434311095,0.7217233503382643,0.7630475079735375,0.6975352503498937,0.5098379381457552

0.487540833462475,0.2183298241119905,0.20634604926467856,0.9323211343254354,0.48339727316133774,0.22349222718883197,0.3725761292708768,0.5639977607720894,0.09648076013859168,0.48273574031067956,0.38397150610257724,0.6145579508794338,0.09117214140433443,0.502789606976258,0.4841410510676152,0.5956895212345733,0.9677719197989694,0.7878877725417257,0.27269010275203065,0.36498158931145397,0.6531451296138887,0.5955832764261126,0.6379464260109227,0.028044478965010316,0.3377674360877544,0.8523078302964864,0.4106877798504901,0.309960444933553,0.07932046028486954,0.9223105823253688,0.27356961523437584,0.3675311140835058,0.12989790495630435,0.7995867639468779,0.9384903604587186,0.6553896167457096,0.8120484343441683,0.9496334204852501,0.11292106693442298,0.3818962151888585,0.1682952494220373,0.46634574058978395,0.3162648985151276,0.29483848046021854,0.5394359593747304
