         +==============================================+
         |   BOARD RATING DATA for our reversi player   |
         +==============================================+

    reversiPlayers.RandomPlayer vs reversiPlayers.RandomPlayer

+================================================================+
+================================================================+
last saved at: 10.12.2019, 23:07:925
+================================================================+
+================================================================+

-- numberOfGames: 6131

FIELD 
                      6064	                     15638	                     16879	                     17316	                     17385	                     16748	                     15795	                     12181	
                     15624	                     24621	                     27359	                     27883	                     27797	                     27260	                     24507	                     15539	
                     16622	                     26817	                     33556	                     36242	                     36246	                     33802	                     27008	                     16584	
                     17239	                     27407	                     34704	                     38926	                     38990	                     35126	                     27368	                     17184	
                     17283	                     27722	                     36639	                     38350	                     38318	                     36428	                     27578	                     17199	
                     16701	                     27298	                     32272	                     34323	                     34284	                     32282	                     27197	                     16739	
                     15728	                     24906	                     27528	                     27860	                     27982	                     27662	                     24921	                     15749	
                     12185	                     15703	                     16548	                     17094	                     17105	                     16679	                     15623	                     12197	



