         +==============================================+
         |   BOARD RATING DATA for our reversi player   |
         +==============================================+

    reversiPlayers.RandomPlayer vs reversiPlayers.RandomPlayer

+================================================================+
+================================================================+
last saved at: 11.12.2019, 00:00:939
+================================================================+
+================================================================+

-- numberOfGames: 14874

FIELD 
                     14740	                     38045	                     40686	                     42046	                     42176	                     40755	                     38031	                     29574	
                     37868	                     59916	                     66049	                     67269	                     67363	                     65901	                     60057	                     37838	
                     40460	                     64901	                     81983	                     87500	                     87403	                     81664	                     65215	                     40416	
                     41643	                     66544	                     84580	                     93989	                     94121	                     85122	                     66315	                     41713	
                     41652	                     67046	                     88786	                     92838	                     93186	                     88874	                     67283	                     41660	
                     40506	                     66346	                     78260	                     83148	                     83332	                     78537	                     66270	                     40567	
                     38057	                     60537	                     66499	                     67976	                     68183	                     66965	                     60533	                     38115	
                     29576	                     38055	                     40347	                     41611	                     41633	                     40578	                     38109	                     29577	



