         +==============================================+
         |   BOARD RATING DATA for our reversi player   |
         +==============================================+

    reversiPlayers.RandomPlayer vs reversiPlayers.RandomPlayer

+================================================================+
+================================================================+
last saved at: 11.12.2019, 19:16:204
+================================================================+
+================================================================+

-- numberOfGames: 12433029

FIELD 
         580.2721999259758	        1460.3462997050592	        1555.9230996810675	          1609.73319966756	        1609.6823996675728	        1556.0260996810416	        1461.8237997046883	        1161.8622997799848	
        1457.0997997058741	        2411.4918002927866	        2597.5930006692165	         2658.233000791874	        2658.6605007927387	         2597.529400669088	        2411.7497002933083	        1456.8671997059325	
        1554.0615996815347	        2573.5758006206365	        3289.1847020681103	        3470.3521024345605	        3470.5010024348617	         3289.778402069311	        2573.2643006200065	        1554.2069996814982	
        1604.2130996689457	         2631.061100736913	        3369.3032022301672	          3762.97330302645	        3763.1781030268644	        3369.4290022304217	         2631.464600737729	         1604.183999668953	
        1606.7140996683179	         2651.257800777765	        3506.5574025077935	         3697.804502894632	        3698.6126028962667	         3506.681202508044	         2651.544900778346	        1606.5086996683694	
         1555.944799681062	        2602.5447006792324	         3137.190401760669	         3302.960102095974	         3302.192302094421	        3138.3569017630284	         2602.582500679309	        1555.6336996811401	
         1465.633899703732	         2426.263300322665	         2633.311100741464	         2686.784300849625	         2686.573600849199	         2632.993100740821	         2426.949400324053	        1465.8599997036752	
        1162.0597997799352	        1463.8421997041817	        1554.8909996813265	        1605.0568996687339	        1605.1593996687081	        1554.8042996813483	        1463.8618997041767	         1162.057099779936	



