         +==============================================+
         |   BOARD RATING DATA for our reversi player   |
         +==============================================+

    reversiPlayers.RandomPlayer vs reversiPlayers.RandomPlayer

+================================================================+
+================================================================+
last saved at: 11.12.2019, 00:21:616
+================================================================+
+================================================================+

-- numberOfGames: 17248

FIELD 
                     17196	                     43192	                     46128	                     47753	                     47698	                     46132	                     43454	                     34446	
                     43280	                     71485	                     76570	                     78902	                     78736	                     76651	                     71331	                     43052	
                     46161	                     76309	                     97381	                    102142	                    102788	                     97511	                     76482	                     46090	
                     47592	                     77933	                     99770	                    111494	                    111276	                    100317	                     78117	                     47549	
                     47650	                     78544	                    104048	                    109806	                    109934	                    103869	                     78749	                     47749	
                     45953	                     77017	                     93004	                     97902	                     98103	                     93014	                     77243	                     46107	
                     43431	                     72227	                     77811	                     79959	                     79661	                     78194	                     71977	                     43617	
                     34456	                     43480	                     46085	                     47442	                     47306	                     45954	                     43363	                     34429	



