         +==============================================+
         |   BOARD RATING DATA for our reversi player   |
         +==============================================+

    reversiPlayers.RandomPlayer vs reversiPlayers.RandomPlayer

+================================================================+
+================================================================+
last saved at: 12.12.2019, 20:30:716
+================================================================+
+================================================================+

-- numberOfGames: 17115

FIELD 
                       0.0	        0.9696999999999095	         1.255999999999878	        1.4153999999998605	        1.4374999999998581	         1.284499999999875	         0.983899999999908	                       0.0	
        0.9647999999999101	         3.349500000002644	         4.091100000003804	         4.210900000003525	         4.227800000003485	        4.1059000000037695	         3.334900000002613	        0.9550999999999111	
        1.2489999999998789	        4.0115000000039895	        5.8363999999997365	         6.513699999998158	         6.467599999998265	          5.83059999999975	         4.005000000004005	         1.257899999999878	
        1.3775999999998647	         4.141800000003686	          6.19119999999891	         9.781799999990541	         9.774999999990557	         6.192699999998906	         4.130500000003712	        1.3908999999998632	
        1.3883999999998635	         4.266900000003394	          6.67159999999779	         9.733199999990655	         9.661499999990822	         6.679599999997771	         4.252600000003428	        1.4002999999998622	
        1.2732999999998762	         4.153500000003659	         6.128299999999056	         6.721099999997675	         6.709199999997702	         6.063599999999207	        4.1750000000036085	        1.2556999999998781	
        0.9817999999999082	         3.428600000002811	         4.197500000003556	         4.359800000003178	         4.364400000003167	         4.224100000003494	        3.4071000000027656	         0.983399999999908	
                       0.0	        0.9668999999999098	        1.2352999999998804	        1.3760999999998649	        1.3721999999998653	        1.2461999999998792	        0.9811999999999083	                       0.0	



