         +==============================================+
         |   BOARD RATING DATA for our reversi player   |
         +==============================================+

    reversiPlayers.RandomPlayer vs reversiPlayers.RandomPlayer

+================================================================+
+================================================================+
last saved at: 12.12.2019, 20:31:115
+================================================================+
+================================================================+

-- numberOfGames: 6173865

FIELD 
                       0.0	           316.73119999213	        416.22309996715546	        473.32599995282146	        473.30139995282764	         416.0182999672069	        316.49429999218944	                       0.0	
         312.9707999930739	        1324.5744997391407	        1520.6070996899325	        1585.7996996735678	         1585.369099673676	        1521.2850996897623	        1324.3906997391869	        313.02279999306086	
         414.7504999675251	         1495.428199696253	        2254.9572999761617	         2446.816700364239	        2446.9540003645166	        2255.3466999769494	        1496.0904996960867	        414.45829996759846	
        467.58469995426265	        1557.2908996807241	         2340.460800149111	        3682.8777028644395	         3682.171402863011	        2341.6061001514277	        1556.9346996808135	        467.22889995435196	
         470.0821999536357	        1578.8159996753209	        2486.3377004441786	        3615.4393027280307	         3615.821002728803	         2485.741100442972	        1579.3343996751908	        469.90559995368005	
         416.2384999671516	        1526.7547996883893	        2323.7755001153614	        2500.6001004730274	        2500.1457004721083	         2324.073300115964	        1526.8130996883747	         416.1826999671656	
         320.8172999911043	         1339.770999735326	        1559.5376996801601	        1615.7229996660565	        1616.2874996659148	         1558.753099680357	         1340.181699735223	        320.50659999118227	
                       0.0	         318.6013999916605	         414.8354999675038	        468.35789995406856	        468.10459995413214	        414.77509996751894	         318.5285999916788	                       0.0	



