         +==============================================+
         |   BOARD RATING DATA for our reversi player   |
         +==============================================+

    reversiPlayers.RandomPlayer vs reversiPlayers.AB_prettyGood

+================================================================+
+================================================================+
last saved at: 17.12.2019, 15:15:621
+================================================================+
+================================================================+

-- numberOfGames: 41663

FIELD 
                       0.0	         62.52159999999599	         79.30110000000347	         91.32390000000986	         90.57750000000952	         77.90320000000276	         62.42209999999601	                       0.0	
        63.600899999995775	         257.4972999999126	         349.6684999998262	          401.140699999779	         402.7564999997775	          358.717899999818	         256.4915999999136	         66.69689999999707	
          79.3452000000035	         326.5260999998476	         466.7379999997138	         614.9371999995767	         638.6436999995553	         462.7613999997174	         328.9921999998453	         83.46570000000561	
         88.35490000000819	         357.9933999998185	         544.2088999996422	         896.6839999993092	         924.8336999992837	         546.1036999996404	         368.6130999998088	         96.89000000001256	
          88.6417000000084	        367.74419999980915	         631.3772999995613	         919.8507999992884	         954.8157999992568	          638.242599999555	         387.5542999997912	          96.3023000000123	
         77.04390000000232	          349.666599999826	        467.94249999971186	         560.3586999996256	         568.2694999996185	        455.65289999972305	        353.54079999982247	         82.92240000000533	
         59.34529999999662	        253.16109999991627	        330.35669999984344	        383.98759999979416	         389.7534999997889	        325.76349999984757	         250.8872999999184	         61.34719999999622	
                       0.0	         69.02449999999827	         90.75730000000934	        108.69680000001858	        107.47520000001795	         89.97040000000894	         66.38909999999692	                       0.0	



