         +==============================================+
         |   BOARD RATING DATA for our reversi player   |
         +==============================================+

    reversiPlayers.AB_prettyGood vs reversiPlayers.RandomPlayer

+================================================================+
+================================================================+
last saved at: 17.12.2019, 15:15:66
+================================================================+
+================================================================+

-- numberOfGames: 12619

MOVE 0
                       0.0	                       0.0	                       0.0	                       0.0	                       0.0	                       0.0	                       0.0	                       0.0	
                       0.0	                       0.0	                       0.0	                       0.0	                       0.0	                       0.0	                       0.0	                       0.0	
                       0.0	                       0.0	                       0.0	                       0.0	                       0.0	                       0.0	                       0.0	                       0.0	
                       0.0	                       0.0	                       0.0	        -92.89060000000491	        -92.89060000000491	                       0.0	                       0.0	                       0.0	
                       0.0	                       0.0	                       0.0	         5.720199999999996	        -5.720199999999996	                       0.0	                       0.0	                       0.0	
                       0.0	                       0.0	       -15.847999999999805	       -27.737200000000357	        -33.52310000000036	        -15.78229999999978	                       0.0	                       0.0	
                       0.0	                       0.0	                       0.0	                       0.0	                       0.0	                       0.0	                       0.0	                       0.0	
                       0.0	                       0.0	                       0.0	                       0.0	                       0.0	                       0.0	                       0.0	                       0.0	



MOVE 1
                       0.0	                       0.0	                       0.0	                       0.0	                       0.0	                       0.0	                       0.0	                       0.0	
                       0.0	                       0.0	                       0.0	                       0.0	                       0.0	                       0.0	                       0.0	                       0.0	
                       0.0	                       0.0	        13.603099999999953	                   11.7274	        10.570499999999996	        14.364099999999958	                       0.0	                       0.0	
                       0.0	                       0.0	                       0.0	       -42.229600000002165	       -43.021400000002274	                       0.0	                       0.0	                       0.0	
                       0.0	                       0.0	        11.912699999999937	        29.545600000000604	         20.16620000000061	        12.943199999999962	                       0.0	                       0.0	
                       0.0	                       0.0	       -15.847999999999805	                  -12.7394	       -12.981699999999991	        -15.78229999999978	                       0.0	                       0.0	
                       0.0	                       0.0	        7.4988999999999875	                       0.0	                       0.0	        10.270699999999984	                       0.0	                       0.0	
                       0.0	                       0.0	                       0.0	                       0.0	                       0.0	                       0.0	                       0.0	                       0.0	



MOVE 2
                       0.0	                       0.0	                       0.0	                       0.0	                       0.0	                       0.0	                       0.0	                       0.0	
                       0.0	                       0.0	       -1.5987000000000062	                       0.0	                       0.0	       -2.1491000000000073	                       0.0	                       0.0	
                       0.0	                       0.0	         8.618800000000025	         6.169199999999978	         3.967999999999987	        10.745100000000027	                       0.0	                       0.0	
                       0.0	       -0.8818000000000019	        -7.728300000000008	        -65.56660000000421	        -63.05000000000422	        -9.808800000000028	       -0.7663000000000015	                       0.0	
                       0.0	                       0.0	       -1.7143999999999884	        -22.06800000000037	       -30.820600000000287	       -0.5830999999999865	                       0.0	                       0.0	
                       0.0	       -2.1167000000000056	       -21.817300000000493	        -30.97900000000034	       -33.023400000000294	       -22.828600000000453	        -2.015800000000008	                       0.0	
                       0.0	                       0.0	        7.4988999999999875	       -3.5369000000000064	        -6.220300000000004	        10.270699999999984	                       0.0	                       0.0	
                       0.0	                       0.0	                       0.0	                       0.0	                       0.0	                       0.0	                       0.0	                       0.0	



MOVE 3
                       0.0	                       0.0	                       0.0	                       0.0	                       0.0	                       0.0	                       0.0	                       0.0	
                       0.0	                       0.0	       -1.5987000000000062	        0.3484999999999998	        0.2762999999999998	       -2.1491000000000073	                       0.0	                       0.0	
                       0.0	        1.7711000000000041	        16.673199999999856	        17.373399999999908	        13.178999999999931	          18.4129999999999	        1.4106000000000039	                       0.0	
                       0.0	       -0.5262000000000001	        2.3217000000000088	       -23.699400000000153	        -23.12820000000029	        0.5050000000000041	        0.5443000000000001	                       0.0	
                       0.0	        1.3484000000000047	         6.666099999999971	        11.889000000000028	         4.288400000000025	        7.6706999999999566	        1.1859000000000037	                       0.0	
                       0.0	        -1.687200000000006	       -12.474199999999886	       -11.869399999999965	                  -10.6191	       -13.529499999999883	       -1.6833000000000058	                       0.0	
                       0.0	         1.005800000000003	        11.668700000000012	         4.549299999999999	                    3.3952	        14.743200000000012	        0.9707000000000029	                       0.0	
                       0.0	                       0.0	                       0.0	                       0.0	                       0.0	                       0.0	                       0.0	                       0.0	



MOVE 4
                       0.0	                       0.0	                       0.0	                       0.0	                       0.0	                       0.0	                       0.0	                       0.0	
                       0.0	       -2.0954000000000055	       -3.3867999999999725	       -1.4950000000000059	        -1.539800000000007	         -3.93569999999997	        -2.181400000000003	                       0.0	
                       0.0	        1.0164999999999997	         6.445100000000011	         4.036699999999997	      -0.10419999999999119	                    9.8686	                    0.6579	                       0.0	
                   -0.0979	        -2.196200000000009	        -6.303899999999993	          -52.826000000003	        -52.91760000000302	        -8.875200000000017	       -0.8770000000000072	                   -0.0755	
                       0.0	       -0.5718000000000005	        -9.264299999999997	       -24.718000000000487	        -34.25400000000062	        -8.181900000000018	       -0.7309000000000008	                       0.0	
                   -0.0462	       -3.5009999999999692	       -17.912100000000088	       -26.238199999999885	        -28.28899999999975	        -20.51850000000007	        -3.336699999999975	                    -0.034	
                       0.0	                    0.2925	         8.474599999999981	        0.7000999999999997	        -3.410000000000002	        12.134899999999993	        0.4190000000000001	                       0.0	
                       0.0	       -0.9319000000000026	      -0.15009999999999996	       -0.6122999999999998	                   -1.7632	      -0.15129999999999996	       -0.7165000000000014	                       0.0	



MOVE 5
       0.25409999999999994	       0.14369999999999997	                    0.0396	                     0.195	        0.2268999999999999	       0.08509999999999998	        0.3053999999999999	                    0.3176	
                       0.0	       -1.3068000000000046	       -1.8287999999999973	        0.4663000000000002	       0.22900000000000006	       -2.3838999999999926	        -1.248700000000004	                       0.0	
       0.10309999999999998	        3.7742000000000093	          16.0420999999999	        17.170299999999926	         12.35579999999999	         17.46339999999992	         2.789400000000009	                     0.063	
                   -0.0341	      -0.37620000000000003	         4.158399999999984	        -16.33119999999995	       -14.055199999999893	        2.9059000000000004	        1.0030999999999999	     -0.011300000000000001	
       0.22979999999999992	         2.187100000000008	         5.991499999999968	         5.588799999999946	       -1.2664000000000442	         6.702999999999947	        2.0982000000000065	       0.20129999999999995	
                    0.0631	       -1.0095000000000023	        -5.930800000000004	        -5.026399999999999	        -9.126600000000009	        -7.347300000000022	       -1.0384000000000035	                    0.0754	
       0.18499999999999997	         1.705500000000007	        12.181500000000026	         9.313699999999967	        6.5299999999999665	         16.02459999999999	        2.3025000000000087	       0.11080000000000001	
                     0.012	       -0.9083000000000025	     -0.059199999999999996	                    -0.388	                   -1.5392	     -0.031000000000000003	       -0.7109000000000013	                    0.0172	



MOVE 6
       0.25409999999999994	       0.12049999999999997	     -0.011799999999999998	       0.10349999999999997	       0.14679999999999996	       0.05709999999999999	                    0.2823	                    0.3176	
                   -0.0795	       -3.4795999999999685	        -3.587299999999957	       -1.9614999999999951	                   -3.2435	        -4.128899999999957	       -3.3128999999999746	      -0.10769999999999998	
                    0.0177	        1.8919999999999997	         6.738499999999961	                    5.5528	        -1.827499999999999	         8.438499999999948	                    0.7946	                   -0.0635	
                   -0.2531	       -2.9979999999999905	         -8.93779999999998	       -42.633600000001856	        -41.37360000000196	         -8.14020000000002	       -1.2230999999999947	       -0.2114999999999999	
                   -0.0298	        -1.007100000000003	        -9.169100000000022	        -25.56240000000032	         -32.7298000000003	        -7.778900000000038	        -0.603800000000003	                    -0.068	
      -0.16109999999999997	        -3.728299999999971	       -13.195199999999828	       -21.554899999999844	       -25.436999999999873	        -15.52059999999989	        -4.765599999999974	      -0.09779999999999998	
     0.0066999999999999916	       0.05439999999999994	         6.823999999999958	         3.414000000000003	                   -3.6169	        11.726099999999974	        0.5897999999999998	      -0.10319999999999992	
     0.0063999999999999994	       -2.0815000000000086	       -0.5347999999999997	        -1.766400000000001	       -5.0340000000000025	      -0.43749999999999967	       -1.8817000000000084	                    0.0172	



MOVE 7
        0.7509000000000012	       0.29779999999999984	       0.17719999999999994	        0.4242999999999997	        0.5957000000000002	        0.5053999999999998	        0.5246999999999998	        0.6556000000000006	
                   -0.0223	       -2.0604000000000076	       -1.7437999999999978	        0.8382999999999999	       0.05570000000000011	       -1.8081999999999963	       -2.1334000000000057	      -0.05039999999999999	
        0.2787999999999999	                    6.1931	         18.03079999999998	        17.723099999999903	        11.676900000000014	        17.137499999999974	        3.5362000000000062	       0.16589999999999996	
                    0.3672	                    0.6607	         4.765699999999956	        -8.155599999999948	       -10.004199999999999	         3.202299999999977	        1.8216000000000006	       0.07159999999999998	
       0.46269999999999983	         2.475399999999998	         8.418299999999975	         7.545799999999959	        -4.472800000000036	         7.342199999999977	        3.1555000000000066	                    0.4313	
        0.2453000000000001	        0.9666999999999997	       -0.7642999999999599	        -2.199299999999997	        -5.556799999999998	       -3.8423999999999614	       0.41150000000000003	       0.34459999999999996	
                    0.3015	        2.3558000000000003	        10.985200000000027	        11.212699999999984	         5.146899999999962	         16.19870000000001	         2.493500000000006	                    0.1779	
       0.23589999999999994	        -1.897700000000008	      -0.08050000000000002	       -0.7179000000000002	        -4.186000000000002	                   -0.1674	       -1.7604000000000075	       0.24619999999999992	



MOVE 8
        0.7509000000000012	       0.13109999999999994	       0.05070000000000001	       0.10459999999999997	       -0.1656000000000003	       0.37949999999999984	       0.36549999999999994	        0.6556000000000006	
       -0.2627999999999999	        -5.738699999999962	        -4.172799999999967	       -3.2222999999999757	        -4.765099999999978	        -4.278699999999961	       -4.6919999999999575	       -0.3020999999999998	
      -0.04269999999999998	         3.735700000000001	         5.412899999999963	        3.0558999999999994	        -4.629300000000008	         7.863199999999986	        0.9623000000000004	      -0.29850000000000004	
       0.01840000000000025	        -3.171099999999983	        -7.125499999999982	        -33.74060000000083	         -32.3168000000011	        -7.322599999999994	        -1.949199999999991	       -0.6920999999999999	
      -0.05579999999999995	       -2.2690000000000046	        -8.930500000000002	       -21.413399999999747	        -28.98939999999995	        -7.614300000000012	       -1.4043000000000037	      0.001399999999999976	
                   -0.0464	        -2.855099999999977	        -9.956199999999933	        -18.43409999999989	        -21.70709999999991	        -11.92629999999994	       -3.0637999999999828	     0.0070000000000000045	
      -0.11229999999999996	                    0.1634	         5.947399999999978	        3.7106000000000003	       -4.2856999999999985	        10.393899999999954	       0.30950000000000005	       -0.3818999999999996	
       0.21349999999999997	       -3.2684999999999764	       -0.9293000000000007	       -2.3354000000000026	        -6.904400000000001	       -1.4150000000000016	       -2.8976999999999866	       0.15499999999999992	



MOVE 9
         1.362800000000005	        0.5765999999999998	        0.3940999999999999	        0.8622000000000009	        0.7308000000000026	        0.9692000000000006	        0.6405999999999996	        1.3723000000000045	
      -0.11479999999999996	        -3.239200000000004	        -1.139999999999997	        1.3393000000000002	       -0.7278999999999997	        -1.048800000000007	       -2.0907000000000053	                   -0.0738	
                    0.4585	         7.358899999999996	        15.044799999999972	        17.193299999999937	          8.77370000000003	         19.32980000000002	         5.147999999999996	       0.19089999999999985	
        0.6574999999999999	        1.0483999999999996	          4.91739999999996	        -2.338800000000003	        0.2636000000000144	         4.148099999999952	        2.4868000000000015	      -0.03320000000000006	
         1.034800000000001	        1.9506999999999937	         5.288399999999977	         6.210999999999996	         2.041199999999965	          9.45479999999999	        3.3447999999999913	        0.7638000000000005	
        0.4545999999999997	        1.6410000000000031	        1.6093999999999937	       0.04140000000000807	      -0.06569999999999385	         2.578599999999999	         2.512800000000005	        0.7731000000000002	
                    0.2694	         2.603899999999993	        10.432700000000018	        11.139899999999983	          2.56739999999997	        15.741400000000016	        3.3386999999999967	       0.24080000000000001	
        0.6573000000000008	       -2.8811999999999873	                   -0.1217	       -1.2933000000000003	       -5.6918999999999995	       -0.8453999999999999	        -2.428799999999993	        0.5159000000000005	



MOVE 10
         1.202800000000005	        0.3406999999999999	      -0.18750000000000008	       0.28299999999999975	        0.1221999999999997	        0.6942999999999999	       0.29219999999999996	        1.2923000000000044	
       -0.4814999999999998	        -5.979899999999961	        -4.690399999999964	       -3.7150999999999685	        -5.048099999999971	        -4.093599999999965	        -4.231199999999958	       -0.6696000000000001	
       -1.6939000000000002	        0.9506999999999997	         4.689499999999998	        3.4841999999999933	        -5.151700000000011	        10.448799999999997	        0.5132999999999992	       -0.6721000000000001	
      -0.07069999999999971	        -4.151599999999969	        -8.969100000000006	        -24.93460000000017	       -21.549000000000294	        -7.600399999999995	        -1.020799999999999	       -0.8860999999999999	
                    0.0686	       -3.0976000000000083	        -9.979000000000013	        -20.05919999999976	         -21.9059999999998	        -5.049000000000005	       -2.4541000000000057	                   -0.4972	
      -0.17419999999999988	       -2.6118999999999724	        -7.223999999999989	       -16.796199999999978	       -17.650599999999912	        -8.401200000000014	       -2.4816999999999854	       0.09929999999999992	
       -0.4365999999999994	        0.3108999999999995	         4.256900000000001	                    3.4176	                   -5.4621	         8.570600000000002	        0.6886000000000001	       -0.6476000000000008	
        0.6401000000000007	        -4.462899999999955	       -1.3850000000000018	        -3.545800000000005	        -7.929000000000001	       -2.2194000000000043	       -3.8086999999999565	       0.49910000000000027	



MOVE 11
        2.8359000000000067	                    0.6732	        0.5456000000000009	         2.472400000000004	        1.5206000000000044	        1.5365000000000029	        0.6254000000000001	        2.2702000000000058	
       -0.2516999999999999	       -1.3016000000000076	       -0.6254000000000086	                    1.9181	                    2.0028	       -0.5300000000000054	       -1.2684000000000064	      -0.42299999999999977	
       -0.8815999999999997	          5.27349999999999	        16.136399999999963	        16.306800000000006	         8.987300000000026	        20.261600000000026	         4.747799999999996	      -0.13010000000000005	
        0.8608000000000002	        1.8415000000000012	         6.634899999999954	        3.9742000000000073	        4.1596000000000055	         6.176399999999961	        3.6951000000000067	       0.12499999999999989	
        1.0550000000000028	         3.042199999999974	         4.546199999999973	        6.5293999999999865	         4.122399999999965	         9.711099999999963	        3.1705999999999817	        0.5467000000000025	
                    0.6029	        2.3979000000000044	         5.248800000000004	        1.6844999999999681	        1.2715999999999925	         4.659000000000001	         2.255700000000005	                    0.8428	
       0.02239999999999999	         4.448099999999971	         10.70250000000002	        11.907200000000003	        2.8455999999999704	        14.010699999999982	          4.12269999999998	      -0.19999999999999984	
         1.232000000000004	       -3.9474999999999696	                   -0.5278	       -1.7283000000000006	        -6.446999999999998	       -1.1587000000000005	        -3.201099999999969	         1.260600000000005	



MOVE 12
         2.824700000000007	                   -0.1847	       -1.3459000000000003	        1.2960999999999996	      -0.30259999999999965	        0.6226999999999999	       0.16669999999999996	         2.264600000000006	
        -0.996000000000002	        -5.694599999999961	        -4.556599999999966	       -2.7581999999999636	       -4.3840999999999655	        -3.863999999999963	       -3.9136999999999595	       -1.0600000000000023	
       -1.9400999999999997	        0.2255999999999989	         6.272900000000001	        2.5412999999999943	        -5.697699999999981	        10.651400000000002	      -0.12560000000000288	                   -1.2017	
       -0.4531999999999996	        -4.139599999999967	        -7.389599999999988	       -16.664799999999822	        -15.82679999999985	        -7.554199999999998	        -2.358399999999991	       -1.2748000000000006	
                    0.0456	         -2.93850000000001	       -11.623000000000003	        -14.45339999999993	        -17.78159999999982	       -5.6337000000000135	        -3.489100000000003	       -0.9555999999999998	
      -0.26659999999999995	       -2.7908999999999686	        -6.224200000000026	       -13.442899999999987	       -13.721000000000014	        -4.812300000000012	       -2.6178999999999775	       0.04490000000000008	
       -0.8657000000000015	                    1.2754	         3.978900000000006	        2.1431999999999976	        -5.994100000000004	                    5.8507	        0.9048000000000003	       -1.1100000000000039	
        1.1976000000000038	       -5.3255999999999695	       -2.2496000000000036	        -4.986300000000008	        -8.733700000000002	       -2.7882000000000056	        -5.203799999999974	         1.097700000000005	



MOVE 13
        3.7611999999999863	        0.3626000000000005	       -0.3448999999999968	         2.420900000000006	        0.6412000000000059	        1.6016000000000041	        0.6134000000000004	        3.3999999999999813	
       -0.6116999999999997	       -2.6442000000000054	       -0.5826000000000051	         2.636000000000002	        0.9872000000000017	        0.9267999999999978	        -0.571500000000003	       -0.6463000000000002	
       -1.0138999999999987	         4.617999999999988	         15.79869999999995	        13.509100000000021	         9.307000000000016	         20.25000000000004	         4.471499999999994	      -0.42079999999999906	
        0.8574000000000007	        1.2962000000000056	         6.636999999999964	         4.898799999999955	         8.814999999999984	         8.477999999999975	        3.7236000000000087	       -0.1635000000000001	
        1.2842000000000033	         4.249799999999976	        3.9008999999999694	          8.81219999999994	         5.994199999999955	        10.752599999999967	        3.8040999999999827	        1.0256000000000032	
        0.6585000000000006	        2.8768000000000087	                    5.1185	        3.6680999999999617	         6.966099999999967	         7.562599999999961	         4.446300000000009	        1.4099000000000013	
      -0.25009999999999977	         5.303699999999957	         9.787900000000004	         9.329699999999983	        2.9172999999999734	        14.648299999999981	         5.568099999999954	      -0.15860000000000013	
        2.0268000000000073	        -4.572299999999957	       -0.6553000000000002	        -2.817600000000001	        -6.974799999999997	                   -1.3266	        -4.097399999999961	        1.9687000000000037	



MOVE 14
        3.7553999999999856	                   -0.3145	       -1.1845000000000003	        1.1586000000000016	        -1.274899999999998	        0.3916999999999994	                   -0.0247	        3.3029999999999813	
       -1.5977000000000041	       -5.7388999999999575	        -4.465799999999974	       -4.2785999999999635	       -4.9401999999999635	       -3.5690999999999677	        -3.587799999999966	       -1.4613000000000034	
       -2.7494000000000005	      -0.23470000000000352	                    6.0489	        0.2513000000000276	        -3.614799999999982	        11.531800000000006	     0.0022999999999969156	                   -1.6684	
                   -0.2593	        -4.505899999999983	       -6.0034999999999785	       -12.862799999999847	        -8.975399999999894	       -4.1760999999999795	       -2.1076999999999875	                   -1.1676	
      -0.18120000000000008	       -2.1691000000000007	                  -10.7797	        -10.77879999999994	        -14.88279999999992	        -3.654600000000001	        -2.923499999999993	       -0.3940999999999998	
       -0.3495999999999997	       -3.3105999999999725	        -4.995599999999993	       -11.887400000000033	         -9.51230000000004	        -4.480500000000003	        -2.293599999999986	      -0.15189999999999995	
        -1.556100000000005	                    1.2157	        2.4737000000000022	      -0.05730000000000407	        -4.208000000000008	         6.207199999999997	        1.3622999999999998	       -1.1822000000000052	
         1.998800000000008	        -6.177499999999982	        -2.905600000000005	        -5.808100000000006	        -9.085599999999998	       -2.7998000000000056	        -6.733099999999983	        1.5629000000000053	



MOVE 15
         4.922799999999958	        0.3372000000000004	        -0.281099999999994	         2.953100000000009	        0.5932000000000082	        1.6518000000000062	        0.5971000000000001	         4.172099999999959	
       -0.9027000000000017	                   -1.9253	        0.8966999999999975	        1.6268000000000038	         1.889200000000003	        1.2057999999999995	       -0.2073000000000021	       -0.8143000000000011	
       -1.2968999999999964	         4.266799999999996	        17.302299999999953	        13.816300000000007	         8.734000000000009	         20.79800000000003	         5.140199999999987	       -0.6145999999999979	
         1.127600000000002	        1.5721000000000087	         7.324199999999966	         9.917599999999995	        10.470799999999997	         9.446499999999986	         4.810199999999999	       0.12790000000000035	
         2.218300000000005	         5.799399999999974	         5.272299999999971	          9.96179999999997	         6.493799999999967	        10.930599999999965	         4.613699999999974	        0.7405000000000039	
        1.1390000000000013	         3.902000000000001	         9.120099999999953	        4.9495999999999585	         6.434599999999966	          8.44349999999996	         4.497900000000001	        1.4008000000000023	
        -0.813300000000001	         6.184699999999957	         8.998799999999976	        11.432499999999989	         6.345699999999976	        11.542699999999984	        6.6427999999999585	       -0.2775999999999999	
        3.1063999999999803	        -4.986999999999963	       -2.0064000000000006	       -3.6479000000000017	        -6.392799999999998	       -0.7929000000000002	        -5.835699999999966	        2.7611999999999743	



MOVE 16
         4.805299999999958	       -0.7319000000000001	        -1.805699999999998	        0.5495000000000044	        -0.872499999999998	        0.6835000000000012	                   -0.3354	         4.172099999999959	
       -2.4538000000000073	        -5.074999999999978	        -4.314799999999964	        -4.584299999999964	        -4.302299999999962	        -2.825099999999965	        -3.421699999999961	       -1.9592000000000058	
       -2.4158000000000004	        -1.704400000000005	         7.125300000000002	         1.641600000000011	       -3.8127999999999753	                   10.5864	       -0.6435000000000086	       -1.6361000000000003	
     -0.049999999999999906	         -4.72879999999998	        -6.749399999999992	        -7.238599999999966	        -7.632999999999949	        -2.932399999999971	       -1.5652999999999835	        -1.277100000000001	
       0.19470000000000004	        -2.093099999999998	        -9.048300000000001	        -6.815800000000035	       -11.411199999999994	       -1.4777000000000031	        -2.988199999999991	                   -1.2612	
       -0.1706999999999998	        -2.066499999999975	       -1.0678999999999694	       -11.717300000000035	        -9.766500000000033	       -1.5709999999999795	         -2.64999999999997	      -0.11579999999999971	
        -2.055900000000007	                    2.2669	        1.8446999999999976	       0.21089999999999043	       -2.6705000000000103	         4.571599999999991	         2.728100000000001	       -1.7121000000000075	
         2.858199999999981	       -7.4963999999999915	        -4.198300000000007	        -6.473899999999997	        -9.219399999999993	       -3.2764000000000078	        -7.747199999999994	        2.4817999999999754	



MOVE 17
         6.061699999999976	        0.2049000000000017	       -0.4954999999999908	        2.1263999999999887	         0.419400000000007	        1.7854000000000076	        0.2004999999999998	        5.0588999999999675	
       -1.7474000000000025	                   -0.8717	        1.5046000000000004	          3.02580000000001	        2.5595000000000048	         2.718600000000001	       -0.6157999999999997	       -1.4039000000000024	
       -1.0062999999999946	         3.570199999999992	        18.706599999999963	        14.244600000000018	        10.224000000000022	        20.120199999999976	         3.568199999999996	       -0.5235999999999974	
         1.312900000000003	        3.2074999999999965	         7.960599999999973	        13.794199999999998	         11.55640000000001	         9.397200000000007	         4.958299999999993	       0.11760000000000037	
        2.6687000000000065	        5.9858999999999565	         9.276999999999976	        12.309599999999989	         7.519199999999975	         13.80209999999997	        5.1903999999999835	        0.6131000000000026	
        0.5156000000000022	         6.174599999999983	        13.498299999999993	         4.270499999999957	         4.000799999999952	        11.399500000000005	         3.295800000000005	        1.2016000000000038	
       -1.4856000000000016	         4.942599999999956	        10.352199999999971	          9.00879999999996	         7.321599999999975	        10.910699999999954	         6.415599999999964	        -0.207200000000001	
         4.137599999999961	        -6.001299999999975	       -2.0250000000000004	        -3.914700000000001	        -7.177999999999995	       -1.5798000000000005	        -6.698899999999974	        3.9306999999999697	



MOVE 18
         5.946099999999976	       -0.6728000000000003	       -1.6772999999999958	       -0.4577999999999949	        -1.736599999999998	     -0.021299999999998626	       -0.6225999999999997	        4.8732999999999675	
       -2.7592000000000096	        -4.004899999999992	        -4.103999999999953	        -4.165799999999973	       -4.8033999999999635	        -2.159399999999963	       -3.5038999999999856	       -2.6997000000000084	
        -3.207500000000002	       -3.1737000000000073	         9.063300000000005	        1.2787000000000213	        -2.449299999999964	        11.018600000000001	       -2.2805999999999926	       -2.0609000000000006	
       -0.5291999999999998	        -4.038099999999987	        -6.097099999999984	        -3.049200000000036	       -5.2950000000000195	        -3.435999999999977	        -2.101499999999972	       -1.9879000000000009	
        0.5227999999999996	       -2.4484999999999966	       -6.2909999999999835	        -7.317200000000033	        -9.495600000000053	       0.14330000000000873	         -1.71359999999999	       -1.2764000000000004	
       -1.5398999999999998	        -0.860099999999971	        1.4475000000000307	       -12.438700000000038	       -10.912800000000047	        1.6418000000000232	        -3.936299999999963	                   -0.7724	
       -2.7565000000000084	        2.1977000000000007	         0.665099999999992	       -2.5790999999999786	       -2.5214000000000096	        2.8284000000000162	        2.1177999999999995	       -2.2870000000000092	
         4.797999999999962	         -7.84640000000001	        -4.825500000000006	        -7.896299999999984	        -9.237999999999998	        -3.733800000000008	        -8.448300000000005	        3.9562999999999695	



MOVE 19
         7.444899999999992	       0.07880000000000094	       -0.0762999999999975	        1.5948999999999804	        0.5029000000000032	        2.0084000000000093	       0.09870000000000034	         5.945299999999983	
        -1.885900000000004	        1.0098000000000034	        1.5496000000000016	        1.6582000000000066	         2.394800000000005	        3.7876000000000034	      -0.11300000000000003	       -1.9106000000000036	
       -0.7875999999999935	         4.915999999999979	         20.99609999999987	        13.308499999999997	                    9.3733	         20.14259999999996	        3.7538000000000054	       -0.3532999999999943	
        1.7275000000000036	         6.484799999999963	         7.633399999999997	        14.196399999999985	        11.837199999999992	        10.800599999999996	         5.927699999999985	      -0.17429999999999723	
        2.2393000000000067	         6.021599999999953	         7.593199999999965	          9.15399999999998	         7.661799999999988	        11.904399999999976	         6.690099999999956	        0.6230000000000047	
         0.232000000000005	        5.7388999999999895	        13.711000000000004	        2.2311999999999914	          4.32129999999997	        15.297200000000045	         4.192500000000002	        1.5368000000000068	
        -1.738600000000003	         7.668499999999949	        10.251399999999958	         6.311599999999957	         7.236999999999984	         9.650499999999973	         6.660199999999976	                   -0.6761	
         6.117399999999982	       -6.2381999999999795	       -2.5602000000000005	        -5.118000000000003	        -6.907899999999995	       -1.7087000000000003	        -6.676099999999973	         5.317699999999986	



MOVE 20
         7.222099999999992	       -1.2273999999999998	       -1.0119999999999938	       -0.1030999999999941	        -1.098199999999999	        0.7823000000000017	       -0.9183000000000001	         5.762199999999982	
        -3.249700000000004	        -3.517800000000007	       -3.8130999999999573	        -4.339499999999978	         -4.75299999999996	       -1.1665999999999603	       -3.9225999999999854	        -3.063300000000004	
       -2.7979000000000003	       -0.9425000000000061	        10.371400000000005	       -0.9481999999999602	        -1.451299999999954	                   10.7014	       -2.9753999999999863	                   -2.0226	
                   -0.6566	       -1.4978999999999933	       -5.1200999999999635	        -3.457200000000022	        -3.449400000000032	       -0.5018999999999654	       -1.0967999999999754	                   -2.0578	
      -0.48340000000000066	       -1.3595999999999941	        -8.117299999999998	        -8.610200000000015	        -7.997800000000016	        1.4640000000000057	       -0.5937000000000037	                    -2.028	
       -1.2424000000000008	        -2.388499999999957	        1.7732000000000239	       -12.184500000000032	        -9.429500000000047	        1.5052000000000134	        -3.699699999999963	      -0.42379999999999995	
       -3.7475000000000005	         2.017000000000001	      -0.21569999999998057	        -4.164899999999979	       -3.9765000000000024	        1.0622000000000316	        0.7508000000000001	       -2.3046000000000086	
         5.846599999999983	        -8.382700000000018	        -5.517600000000004	        -7.460699999999984	        -9.140799999999993	        -4.608600000000006	        -8.535299999999994	         4.989499999999985	



MOVE 21
         8.515799999999999	      -0.22629999999999945	        0.5151999999999864	         1.817199999999968	        0.9211000000000011	        2.3142000000000027	      -0.10399999999999894	         7.273000000000009	
       -2.0735000000000054	        0.5242000000000043	        2.5649000000000015	         4.023799999999981	         3.024800000000011	         4.020500000000003	        0.7848000000000063	       -1.9797000000000051	
       -0.7861999999999923	          5.38409999999999	         20.18889999999985	        12.613400000000006	        11.023800000000003	        20.715099999999907	        3.4980999999999933	     -0.011999999999992905	
        1.2962000000000047	         6.746099999999963	         8.532799999999975	        12.153599999999992	        12.684800000000013	         12.25249999999999	         5.536799999999983	         0.619900000000005	
        1.6347000000000054	         6.887299999999958	         6.543799999999972	          9.42739999999998	         9.735800000000001	        15.285600000000017	         7.751199999999946	         0.166200000000006	
        0.9377000000000064	         7.970299999999991	        15.699299999999981	         4.160199999999979	         6.294999999999978	        14.934800000000042	         4.360299999999984	        1.2591000000000045	
       -2.1331000000000047	        7.5601999999999645	         8.143699999999958	         6.014299999999961	         6.008599999999974	         7.008599999999962	         6.077199999999975	                   -1.1156	
         7.912300000000002	        -6.026099999999979	       -2.2441999999999998	        -4.541200000000002	        -6.536499999999997	        -2.747400000000001	        -7.826599999999973	          6.75480000000001	



MOVE 22
                    8.4386	       -1.3558000000000003	        -1.323699999999993	       -0.5478999999999927	       -0.9176999999999962	        0.8271000000000038	       -1.5702000000000003	        7.1842000000000095	
       -3.6439999999999904	       -3.5019000000000027	        -4.084599999999964	        -4.415499999999995	        -3.070599999999972	       -1.4120999999999524	        -2.910300000000006	       -3.8065999999999955	
       -2.7123999999999993	       -1.8013999999999737	         8.351199999999997	       -1.0142999999999618	       -1.9976999999999485	        11.369500000000006	       -2.4344999999999923	                    -2.157	
        -2.585300000000001	       -2.2696999999999883	                    -5.978	        -3.961000000000027	       -3.8514000000000204	       -1.6470999999999594	        -3.003599999999952	       -2.4204000000000008	
       -0.2620999999999999	        -2.382299999999984	        -6.886599999999993	        -5.965000000000024	        -6.489199999999987	         1.645600000000027	        -2.026499999999994	       -2.8195000000000006	
       -0.9176000000000013	        0.5186000000000451	        3.2258999999999944	       -10.458600000000004	        -7.256600000000028	         4.473399999999988	        -3.252899999999955	                   -0.9803	
        -4.359999999999994	        1.5100000000000002	       -1.3071999999999704	        -5.122599999999971	        -3.293799999999977	       -0.5445999999999667	                    1.5725	         -2.80950000000001	
         7.163300000000004	        -8.248700000000015	        -5.346600000000002	        -7.766499999999996	        -9.012299999999994	        -4.986900000000006	        -9.507000000000009	          6.66970000000001	



MOVE 23
          9.96119999999998	      -0.03659999999999876	         1.134299999999977	        1.3909999999999572	        1.9335999999999902	         2.540199999999989	      -0.46849999999999986	         8.607700000000007	
        -2.119100000000006	        1.3554999999999993	        2.5755000000000052	         4.409299999999962	         4.609599999999987	         5.103100000000006	         2.017300000000002	        -2.173600000000005	
       -0.4917000000000046	         5.594799999999992	        19.108699999999843	        12.717100000000006	        11.181099999999997	        22.039399999999908	         4.904899999999989	       -0.2776999999999924	
       0.16060000000000801	         6.748099999999965	        6.3464999999999625	        14.536200000000033	        12.521799999999997	        11.532699999999986	        2.9639999999999844	       0.16350000000000642	
         2.761900000000003	         7.968999999999956	        10.602699999999976	        10.785800000000012	        10.592000000000025	        12.457399999999973	          5.42879999999995	       -0.1844999999999926	
        1.6782000000000044	         9.464399999999987	        15.539700000000007	        4.8857999999999615	         8.415699999999978	        15.806400000000039	         3.109999999999991	         1.221399999999996	
       -2.8966000000000047	         7.774699999999974	         8.282199999999966	         4.658399999999964	        6.1698999999999575	        6.3897999999999815	         6.910099999999975	       -1.4022000000000017	
         9.040099999999992	        -6.481599999999967	        -2.795699999999997	        -4.548800000000003	        -5.757799999999998	       -2.3684999999999983	        -7.596799999999975	         8.363599999999987	



MOVE 24
         9.013699999999984	       -1.8816000000000008	       -1.2494999999999923	       -0.6717999999999951	      -0.07409999999999661	        0.6895000000000044	       -1.7788999999999997	         8.453500000000009	
        -4.134899999999986	       -3.7605000000000075	        -3.188399999999956	        -5.124599999999977	       -3.1655999999999618	       -1.1371999999999602	       -1.8778000000000046	                   -3.7129	
        -2.147799999999997	       -0.4727999999999725	         8.330699999999984	      -0.21719999999995968	        -2.660199999999973	        12.017500000000007	       -1.1228999999999865	       -1.8125999999999995	
        -2.678900000000001	       -1.5846999999999833	        -6.869299999999984	       -1.4227999999999612	       -2.3532000000000015	       -0.9044999999999745	        -3.555399999999971	        -2.331300000000001	
       -1.0915000000000008	       -1.8979999999999713	         -3.61679999999998	        -4.646000000000008	         -4.78919999999996	        -0.955200000000006	       -3.2597999999999816	        -2.715100000000001	
       -1.6830000000000012	        0.1556000000000437	        3.7736999999999994	        -9.077000000000027	         -6.26250000000004	         3.774799999999993	        -5.114699999999958	       -1.4804999999999993	
        -4.711399999999997	                    2.5551	       -0.7254999999999483	        -5.421499999999974	       -3.5602999999999576	        -2.566499999999971	         2.181199999999999	       -3.4552000000000094	
         8.772299999999996	        -8.884500000000005	                   -6.3579	        -8.372099999999996	        -8.515799999999997	        -4.813400000000004	       -10.077700000000016	          8.13229999999999	



MOVE 25
        10.790699999999946	       -0.5717999999999968	         1.508799999999956	         2.497999999999953	         2.278899999999981	         3.161999999999977	       -0.4004999999999986	         9.932799999999984	
       -2.5649000000000064	        1.7911999999999826	        3.7784000000000026	         3.926499999999962	          5.62559999999998	         5.975900000000006	         2.712399999999975	       -2.4322000000000057	
      -0.03660000000001107	        6.7815999999999965	        19.859399999999823	        11.700300000000011	        12.358499999999985	         21.91259999999987	         5.614299999999986	         0.525299999999993	
       -0.3838000000000019	         7.261899999999964	         7.243199999999947	        15.107800000000026	         12.40879999999999	         10.77719999999998	         4.844499999999966	      -0.08839999999999226	
        0.9617999999999814	         5.841099999999963	         10.59159999999998	        11.525400000000017	         10.81120000000001	        11.358599999999976	         5.406299999999953	       -0.2706000000000037	
        1.2289999999999903	         8.536099999999978	        15.945799999999995	         3.532899999999964	         5.980199999999966	        15.898799999999984	         4.439399999999974	        0.8780999999999919	
       -2.7633000000000014	         8.677699999999975	          8.62789999999998	         5.116199999999965	         5.148699999999959	          4.57009999999999	         7.617599999999996	       -1.8044000000000013	
        10.623099999999942	        -6.385899999999952	        -1.951199999999994	        -4.644100000000002	                   -4.6956	       -1.7466999999999935	       -7.6065999999999585	        10.195599999999958	



MOVE 26
        10.268299999999948	                   -2.1112	      -0.08480000000000487	        0.4899999999999956	       0.07480000000000525	        1.0888000000000049	        -2.030500000000001	         9.904799999999987	
        -4.864799999999985	        -3.979800000000007	        -4.245699999999973	        -5.426799999999981	        -3.194299999999968	       -1.3166999999999633	       -1.8896000000000028	        -4.138499999999999	
       -2.8916999999999975	       -1.7402999999999698	        10.110799999999973	       -0.8394999999999659	       -0.5545000000000078	        11.777699999999998	        -2.974099999999968	        -2.030999999999999	
       -2.8701000000000016	         -2.27389999999998	        -4.748999999999984	        0.9948000000000417	        -1.549599999999961	        -3.222800000000006	       -3.9559999999999587	        -2.543500000000002	
        -1.345299999999999	        -1.272199999999963	        -4.174900000000012	                   -2.7166	        -3.733199999999951	      -0.07349999999999679	        -5.041199999999982	       -3.2973000000000012	
      -0.30259999999999765	       -1.1863999999999564	                    4.4545	        -9.978800000000039	        -6.385800000000021	                    4.2364	         -4.66459999999995	       -1.3283000000000003	
       -4.8401000000000005	         2.404700000000001	       -0.9056999999999482	        -4.654299999999958	        -4.802099999999952	        -4.613299999999936	        0.8796000000000039	        -4.064900000000009	
        10.588699999999942	        -8.698899999999988	        -4.458500000000002	        -7.247200000000007	        -7.247200000000004	                   -4.4782	        -9.310100000000004	          9.67499999999996	



MOVE 27
        12.675299999999906	       0.49140000000000283	         1.894999999999957	        2.5756999999999635	         2.736899999999968	        3.1376999999999704	       -0.4483999999999983	        12.114099999999928	
        -2.722800000000004	        2.9678999999999647	         3.530500000000001	         4.371499999999949	         5.641399999999969	        5.3226000000000075	          4.15659999999996	        -2.159500000000005	
       -0.3203000000000228	        6.1004999999999985	        20.893999999999902	        13.068499999999977	         13.07409999999998	        23.927499999999895	        3.9459999999999957	       0.32689999999998526	
      -0.20690000000001246	         6.040999999999965	         6.200099999999966	        15.948200000000037	        12.796600000000005	          8.53189999999997	         4.271199999999963	        0.6450999999999998	
        1.6485999999999725	         6.837199999999973	        10.153699999999949	        10.381400000000026	         10.23600000000003	         12.52139999999998	         4.305599999999945	      -0.27180000000001253	
        2.0267999999999793	          6.63089999999999	        18.810199999999917	         3.549799999999972	        6.4262999999999675	        17.798599999999894	         1.438799999999996	        1.8793999999999864	
        -2.448800000000001	         9.511299999999995	          7.12009999999999	         5.792599999999985	         4.918799999999965	         2.820699999999982	         7.902500000000022	       -2.2201000000000017	
        13.216299999999888	        -6.582499999999953	       -1.3108000000000046	       -3.4870999999999976	        -3.152999999999994	       -0.9479999999999918	        -7.091499999999941	        11.867099999999892	



MOVE 28
        11.937899999999907	       -1.7745000000000004	       -1.2229000000000076	     -0.058200000000016266	        0.7831000000000057	        1.1772000000000085	        -2.533100000000001	        11.751599999999929	
        -4.009800000000002	        -4.088700000000002	        -3.903899999999976	        -6.010299999999989	       -3.6876999999999662	       -1.6878999999999615	       -2.4355000000000007	        -4.342999999999999	
       -1.2821999999999942	        -1.954699999999972	         8.610700000000003	       -0.9922999999999749	       0.15740000000001048	        12.734600000000002	       -3.9625999999999624	       -1.7646999999999944	
       -1.9046999999999987	        -4.368299999999972	        -6.500700000000011	        0.7340000000000513	       -1.4781999999999689	       -3.2421000000000557	        -4.212499999999959	       -1.8036000000000014	
       -0.5364999999999975	       -1.9009999999999492	       -1.1709999999999883	       -4.8129999999999775	        -1.762999999999942	      -0.23320000000001206	        -4.658499999999963	       -2.7861000000000002	
       -1.0849999999999973	        -2.598499999999959	         6.473300000000002	        -8.888000000000018	        -6.074500000000009	        7.2117999999999975	       -6.5670999999999635	       -1.2834999999999996	
        -4.879300000000008	         2.823100000000006	        -3.462499999999953	        -4.042499999999976	         -4.95469999999997	        -5.272599999999951	         0.859000000000004	        -4.984900000000005	
        13.276799999999891	        -8.611399999999971	       -3.9848000000000017	        -6.515900000000005	                    -5.525	       -3.8783000000000007	        -9.344899999999997	        11.673299999999895	



MOVE 29
         13.56119999999987	        0.8266000000000047	        2.9228999999999643	         4.866299999999974	         4.908499999999965	         5.248499999999955	        0.6823000000000048	        13.629099999999887	
       -1.6624000000000003	        1.7979999999999552	         4.206599999999985	         4.021399999999954	         5.041099999999984	         6.925300000000007	         4.525899999999977	       -1.5460999999999998	
         2.044899999999963	         5.772200000000006	        19.191799999999937	        11.709399999999969	        11.529399999999972	         22.46709999999992	         5.409999999999976	        1.3396999999999581	
        2.0409999999999755	         5.570599999999959	        5.3338999999999706	        13.524800000000024	        12.817200000000012	         10.27469999999998	         5.192299999999963	        1.1777999999999806	
         3.490799999999968	         8.589799999999961	        11.125999999999944	        11.090200000000015	        12.436200000000008	        13.992099999999967	        3.7454999999999514	        0.7196999999999627	
        2.2906999999999593	         5.225000000000004	        18.522099999999856	         3.260599999999962	         6.395599999999948	        19.311799999999867	        1.8197999999999868	         1.748599999999961	
        -2.897400000000001	         9.032100000000014	        5.1749000000000045	         3.901699999999988	         4.361699999999988	         4.188099999999978	         6.447500000000018	       -2.6929000000000003	
        16.080299999999863	       -3.9808999999999886	        0.8266999999999762	        -1.731399999999997	       -0.6908000000000033	        0.9764999999999889	        -6.326999999999966	        13.801999999999834	



MOVE 30
         13.26449999999987	       -1.7711000000000008	      -0.09980000000001749	         2.093099999999973	        1.9038999999999977	         2.975400000000003	       -0.9969999999999994	         13.53519999999989	
       -3.4670000000000103	                    -5.468	        -4.576699999999985	        -5.211899999999977	        -3.505799999999965	        -2.216599999999998	       -1.5708000000000006	        -3.066800000000011	
      -0.36309999999999243	       -3.6132999999999647	         6.337599999999993	      -0.33139999999997805	       -1.5229000000000192	         9.459199999999994	        -3.673999999999969	       -0.6503999999999914	
       -1.4338999999999968	        -4.318899999999966	        -6.731200000000013	       -1.4059999999999653	       -1.7665999999999664	       -2.9747000000000305	       -4.9579999999999576	       -0.9909000000000012	
        0.9543000000000023	        -1.479799999999957	        -2.246099999999999	       -2.9411999999999554	       -0.6401999999999513	       0.22989999999998184	        -6.962399999999958	        -1.523799999999998	
       0.18790000000000534	        -4.036999999999978	         4.576000000000009	        -8.090100000000016	        -5.039899999999991	         7.928999999999989	        -6.885599999999977	      -0.31379999999999586	
        -4.637500000000008	        2.2240000000000033	         -5.06889999999996	        -6.442099999999957	        -5.979199999999989	        -4.679499999999962	       -1.0860000000000036	        -4.165100000000004	
        16.326699999999867	       -5.9278999999999495	       -1.7136999999999951	        -5.384299999999999	       -4.5924999999999985	       -1.7218000000000018	         -8.40409999999998	        13.279199999999834	



MOVE 31
        15.624199999999831	        1.0809000000000064	        2.7621999999999827	         4.956199999999977	         4.485299999999975	         5.500799999999977	         1.061000000000007	         15.07389999999985	
       -1.3026999999999997	        3.3702999999999665	         4.347999999999987	         5.140299999999968	         4.669099999999972	         5.913100000000004	          4.19429999999999	       -0.8055999999999996	
        2.4328999999999668	         6.624499999999983	        20.134799999999956	        14.121499999999978	          9.59239999999996	         20.49979999999986	        3.5222999999999756	         2.032299999999965	
         2.404299999999967	         5.773799999999976	         7.212699999999949	        14.000200000000026	        13.805600000000016	         9.059299999999979	         5.281599999999966	        2.4130999999999654	
        4.1393999999999815	         6.458599999999965	         9.561199999999944	        10.232599999999998	        11.615599999999995	        11.776099999999962	         4.388599999999961	        1.8931999999999556	
        3.4053999999999642	         5.070699999999996	        17.093899999999856	         5.040999999999972	         7.305599999999961	         18.80869999999982	        2.1121999999999805	         3.196299999999959	
        -2.158300000000001	          9.52360000000002	         3.249000000000012	         5.088099999999992	        4.5718999999999905	         5.878999999999977	         6.272900000000007	        -1.289699999999995	
         19.04349999999992	        -2.685100000000011	        2.7276999999999756	       -0.6864000000000108	       0.31369999999997505	        2.7560999999999596	        -4.580000000000007	         15.72989999999994	



MOVE 32
        15.341699999999825	       -1.3889999999999998	        0.4060999999999719	        1.9177999999999658	         2.210099999999992	         3.294699999999987	       -2.3170000000000006	        15.131699999999851	
        -3.682100000000007	        -4.145199999999999	        -4.862199999999988	        -4.257599999999998	        -4.034499999999962	        -3.240599999999995	       -2.4343000000000004	         -2.40220000000001	
       -0.9782000000000034	        -4.280399999999985	         8.500299999999976	       0.17010000000000403	        -4.949300000000025	         9.959599999999973	        -4.841399999999965	      -0.28170000000000395	
        -1.096499999999994	        -4.599899999999968	        -5.020800000000016	        -1.576199999999958	       0.10920000000004232	        -3.186300000000013	        -5.034499999999958	       0.15860000000000507	
     0.0029000000000052317	       -3.9952999999999523	       -3.0818000000000465	       -2.3517999999999666	       -0.9971999999999543	       -0.6335000000000208	        -4.483899999999954	       0.09459999999999918	
        0.2878000000000012	       -3.3973999999999833	        5.2047000000000025	        -7.366200000000016	        -6.630899999999999	         8.128899999999984	        -6.463799999999968	        1.1588999999999965	
        -4.506200000000004	        2.0004000000000053	        -7.304699999999977	        -6.012199999999955	        -5.826599999999976	       -3.9524999999999757	       -0.8598000000000134	       -3.4140000000000024	
         18.86599999999991	        -4.041599999999964	      -0.35929999999999246	       -3.6132000000000004	       -2.4364000000000003	        0.7281000000000079	        -6.264899999999946	         16.10149999999993	



MOVE 33
         18.25390000000003	        1.1692999999999865	        4.1559999999999935	          5.44369999999998	        5.9817999999999785	         7.045500000000001	        0.4766999999999905	        17.261599999999966	
        0.2666000000000006	         5.018500000000007	         3.866499999999976	         5.294999999999979	         5.294399999999949	         4.807000000000006	         4.031600000000007	        0.1688999999999995	
         2.940099999999974	                    5.0819	        20.030899999999903	        11.365599999999963	          8.06199999999998	         22.55709999999983	        3.3142999999999785	        3.6284999999999825	
         2.891199999999984	         4.603099999999958	         7.792899999999959	         11.51360000000002	        13.055200000000024	         9.003099999999964	         5.146399999999977	        4.0784999999999805	
         4.161499999999982	         7.387399999999957	         8.255699999999957	         9.600999999999985	        12.541000000000016	        11.655399999999968	         5.155199999999976	         4.377799999999991	
         5.447199999999985	         7.200799999999992	        17.784199999999892	         5.930399999999975	        3.3643999999999696	         19.24579999999984	        2.4748999999999626	          4.15349999999999	
       -1.6341999999999954	          8.24039999999999	        1.4350000000000052	        3.9526999999999903	         4.348299999999995	         4.743899999999983	         5.904399999999996	       -0.7001000000000116	
        21.479600000000243	        0.7991000000000008	         4.055299999999996	        1.1227999999999614	        2.6441999999999735	         5.273799999999977	       -2.7358000000000033	        18.487600000000256	



MOVE 34
        18.331100000000028	       -1.4283999999999972	        0.7830999999999562	        2.1305999999999683	         2.270599999999977	         4.732399999999961	       -1.4332999999999971	        17.387999999999963	
       -2.2313000000000045	       -3.1539999999999946	        -4.577799999999981	        -4.935199999999979	        -4.261499999999975	       -3.4456999999999782	      -0.07569999999999356	       -1.2844000000000058	
       -0.4459000000000113	         -5.24699999999998	         7.777799999999991	       -2.4630000000000187	        -4.796700000000038	        10.864399999999957	       -4.4008999999999645	        1.3178999999999736	
      -0.10559999999999906	        -6.058199999999962	        -4.588100000000017	        -4.163999999999969	         -2.21779999999996	         -4.58290000000002	        -4.161899999999975	         1.468999999999996	
         1.516199999999989	        -2.799599999999953	        -6.083300000000061	        -4.080399999999958	       -0.4587999999999327	        0.9841999999999895	        -4.733499999999976	        1.3189999999999753	
        3.7771999999999775	        -2.932299999999986	         5.432199999999991	        -6.955600000000026	         -8.13679999999999	         9.619299999999962	        -5.579599999999963	          1.02049999999997	
       -3.8269000000000015	       -1.1275000000000013	         -9.57169999999998	       -5.9259000000000075	        -4.893999999999988	        -4.582899999999983	       -0.4470000000000248	        -2.871200000000001	
        21.203200000000233	       -0.8976000000000119	        1.1609999999999763	       -1.8780999999999943	       0.08070000000000066	         2.783999999999986	        -4.777799999999997	         18.55680000000026	



MOVE 35
        20.569500000000318	        2.3216999999999772	          4.90720000000001	        6.3522000000000025	         5.538099999999987	         8.083100000000016	        1.5524999999999702	         19.52360000000025	
        0.8134000000000058	         2.984799999999984	         4.277599999999975	        3.2066999999999615	        4.6448999999999785	         4.277700000000005	         5.981500000000033	        1.6681000000000024	
         3.550899999999977	         3.346499999999986	        20.035099999999943	         9.365099999999954	         9.074899999999964	        20.919999999999835	         4.805699999999985	        5.0684000000000085	
          4.31250000000001	        3.2790999999999735	        7.2706999999999695	         9.641000000000016	        10.037600000000028	         9.196399999999969	         6.087199999999994	        6.1681000000000115	
         5.524699999999998	         5.264999999999963	         6.955199999999965	         7.999399999999974	        13.848399999999986	        12.177099999999973	         7.362599999999994	         6.069000000000017	
          8.39749999999999	        5.1913999999999945	        15.793499999999888	          4.10949999999997	        3.6314999999999626	        22.863099999999804	        3.2900999999999536	         5.635100000000019	
        1.7220999999999869	         7.860899999999957	        0.6762999999999868	        4.8546999999999985	         6.032500000000005	         4.509699999999966	         6.847699999999939	        0.7416999999999684	
        24.374800000000636	         2.863000000000002	         6.619600000000016	          4.29569999999999	         6.072799999999997	         8.425900000000022	       -0.7471999999999959	        21.406300000000627	



MOVE 36
        20.171900000000317	       0.14130000000000378	        1.4932999999999759	        3.1005999999999747	         2.917499999999964	        5.6020999999999805	       -0.5898999999999944	        19.398500000000254	
       -2.2349999999999994	        -3.608599999999998	       -5.2293999999999965	        -5.809499999999967	        -4.532499999999966	        -4.015899999999987	       -0.4120000000000048	       -0.9096000000000004	
         0.737199999999966	         -7.53679999999997	         7.057099999999976	        -5.083400000000019	       -3.7772000000000254	        10.058899999999966	        -4.676199999999973	          2.31269999999996	
      -0.04390000000002031	        -7.312099999999972	        -7.569100000000003	        -5.732399999999984	        -3.769399999999957	        -4.827300000000013	         -3.60379999999997	        2.3277999999999737	
         2.229799999999952	        -6.683999999999956	        -6.298300000000066	        -4.676999999999998	         1.042800000000039	        -1.358500000000004	        -2.638999999999982	        2.3685999999999545	
         4.963299999999969	        -4.941699999999971	        3.8597999999999844	        -7.492600000000006	        -7.253699999999979	         11.78239999999998	         -7.44479999999997	        3.3096999999999617	
       -0.4387999999999985	        1.8797999999999742	         -8.78469999999997	        -5.034400000000002	         -2.46240000000001	        -5.269099999999946	      -0.12820000000002618	       -1.1771999999999943	
         24.68300000000061	        0.7854000000000003	         4.040999999999975	          1.56469999999998	        3.2469999999999795	         5.946499999999968	       -2.4513000000000007	        21.206200000000614	



MOVE 37
        23.008300000000656	        3.3250999999999675	         5.092600000000034	        7.1050999999999815	         6.453000000000025	          9.05560000000003	        2.0707999999999678	         21.80530000000057	
         2.004899999999994	         6.134699999999986	         4.063599999999979	        3.5009999999999777	         5.457599999999985	         5.179899999999993	         7.010199999999965	        2.1053999999999933	
          5.59539999999999	        3.8818999999999892	         20.62659999999991	         7.896799999999955	         8.974099999999966	         22.10139999999983	         4.943199999999972	         6.420000000000036	
         5.181100000000007	         2.497899999999981	        6.2837999999999745	         6.296800000000014	         8.485400000000006	         8.886599999999955	         6.836799999999995	         7.049700000000034	
         7.232200000000036	          3.58709999999997	        5.4408999999999725	         9.490599999999997	        11.318799999999984	         7.903899999999964	         9.134400000000005	         6.536300000000025	
        10.002200000000009	         6.123599999999958	         17.39779999999989	        3.4435999999999587	         5.640899999999981	        21.254299999999834	          2.33489999999996	         7.438400000000031	
         4.458699999999969	        10.333499999999939	        2.2327999999999664	         4.806900000000019	         6.388099999999996	        4.3515999999999595	         8.185899999999908	         3.005499999999992	
        27.375000000000973	         4.657199999999979	         8.472600000000014	         6.126200000000005	         7.748300000000012	        11.314700000000027	        2.3222999999999843	         24.51380000000096	



MOVE 38
         22.89120000000065	         1.016200000000003	        2.4853999999999945	        3.6052999999999855	         4.002399999999978	         5.886700000000001	      -0.29029999999999767	        21.725900000000557	
       -0.5696000000000008	       -2.1950999999999983	        -6.863100000000014	        -6.948999999999965	       -3.6120999999999555	        -5.718999999999985	       0.38379999999996667	       -0.1507000000000001	
        2.3161999999999625	        -6.612999999999959	         7.854399999999966	        -8.751100000000013	       -3.0893000000000432	        10.082999999999949	        -4.591699999999974	         3.745999999999971	
        1.7751999999999601	         -7.32629999999995	        -7.019100000000015	       -5.6489999999999565	        -3.475999999999957	        -4.131500000000021	        -3.237599999999985	          4.17599999999998	
        3.4606999999999775	       -6.6874999999999485	       -5.8801000000000725	       -2.7922000000000096	      -0.33879999999998806	        -4.364199999999999	        0.9365999999999892	        2.8710999999999793	
         6.810099999999996	       -2.9018999999999453	         5.746099999999986	        -7.835999999999998	        -4.008699999999953	         9.583800000000007	         -7.17029999999996	         4.204599999999994	
        1.4741999999999904	         3.722199999999959	       -6.0532999999999495	                   -5.3775	        -3.122000000000001	        -4.419499999999974	        0.8495999999999897	         0.910399999999964	
        26.885100000000957	        2.9096000000000033	         5.698000000000014	         3.372299999999954	         5.044799999999967	         8.611999999999995	         0.439500000000006	        24.291300000000938	



MOVE 39
         26.20820000000102	         4.697699999999986	         7.094800000000038	         8.483199999999975	          9.10749999999999	        10.644699999999988	        3.5495999999999763	         24.62500000000089	
         3.633299999999974	        7.4041999999999595	        3.7881999999999727	         2.712699999999968	         5.058999999999989	         3.624999999999991	          8.63799999999996	         3.768499999999964	
         7.290899999999998	         4.236199999999976	         20.12699999999986	         3.238599999999977	         6.656299999999998	        21.967799999999784	         4.405499999999976	         8.246000000000004	
         7.277200000000012	         4.419599999999978	         6.717099999999957	        5.7618000000000125	         9.780000000000012	         7.374599999999984	          6.28339999999999	         8.188700000000035	
         9.150399999999964	         3.810799999999969	          5.40449999999998	          9.80319999999999	        12.662399999999995	         8.168199999999976	         8.399600000000003	         7.189799999999975	
        11.913299999999944	          7.67409999999997	         18.57789999999989	         3.625299999999968	         6.789199999999986	        20.740199999999913	         2.151599999999958	         8.288599999999978	
         5.406499999999978	        12.990899999999916	        3.8508999999999904	         4.594200000000006	         5.577100000000015	         5.573599999999989	          9.53439999999983	         4.888900000000033	
         30.34350000000133	         8.768899999999986	        12.630199999999904	         10.70009999999999	        11.530099999999965	        14.366199999999925	        5.5602999999999945	        27.313400000001312	



MOVE 40
