         +==============================================+
         |   BOARD RATING DATA for our reversi player   |
         +==============================================+

    reversiPlayers.AB_prettyGood vs reversiPlayers.AB_prettyGood

+================================================================+
+================================================================+
last saved at: 13.12.2019, 08:09:641
+================================================================+
+================================================================+

-- numberOfGames: 26017

FIELD 
                       0.0	        1.4516999999998577	         5.051299999999745	          5.30419999999997	         5.008100000000026	        1.9232999999998057	           4.6220999999998	                       0.0	
         4.281399999999812	        14.137700000001566	        12.119199999999042	         27.19260000000024	         24.33789999999978	         14.95879999999896	        10.642400000001699	         4.277399999999813	
         1.855199999999812	        17.677499999999526	        44.750599999992936	        36.939299999992144	         57.71729999998822	         38.44409999999419	        21.173300000000037	        10.726499999999625	
         8.065399999999764	        18.174199999999125	         45.28169999999165	         44.65659999997939	         65.51779999997633	         39.26589999999282	         27.35430000000054	         4.900399999999842	
        2.0716999999999475	        18.415299999998677	         46.02019999998982	         77.46589999998267	         74.48999999998131	        39.984699999990994	        18.375399999998763	         4.922799999999868	
         7.894299999999683	        12.197099999998814	         41.98529999999263	         36.94129999999144	         40.06199999999089	        27.094499999993893	        18.221699999999046	        10.713199999999627	
        1.4653999999998562	         7.951600000001411	        21.138199999999394	        12.498199999998135	          24.5249999999994	        18.304499999998892	        11.108000000001399	         4.317699999999808	
                       0.0	         4.594499999999804	        1.8373999999998152	         8.067399999999747	        14.066099999999617	          7.85079999999969	        1.4490999999998568	                       0.0	



