         +==============================================+
         |   BOARD RATING DATA for our reversi player   |
         +==============================================+

    reversiPlayers.AB_prettyGood vs reversiPlayers.RandomPlayer

+================================================================+
+================================================================+
last saved at: 14.12.2019, 15:36:969
+================================================================+
+================================================================+

-- numberOfGames: 29859

FIELD 
                       0.0	        21.332800000000393	        26.092300000001092	        31.276000000002135	        29.219200000001862	         24.84420000000089	        18.733099999999986	                       0.0	
        17.411999999999782	         76.06200000000382	        101.31430000001417	        110.03700000001817	        110.60290000001844	         94.86370000001085	         73.65590000000265	        19.287800000000075	
        23.846300000000742	        100.59160000001411	        154.51569999999774	         173.6966999999779	        171.46459999998015	         136.8183000000138	         96.83690000001215	        28.057200000001398	
        29.086200000001643	        106.16970000001648	         159.0885999999924	        264.15869999988445	         264.1074999998845	        148.27260000000217	        104.73890000001573	        31.641800000002053	
         29.91280000000183	        109.63080000001777	        170.20779999998058	        255.68439999989238	          262.927699999886	        164.69999999998555	         109.1288000000176	         32.52400000000203	
        24.705000000000872	         94.35200000001039	         143.5722000000068	        192.13169999996046	        209.50649999994474	        137.45770000001244	         96.27470000001134	         26.02390000000108	
        18.586099999999963	         79.36430000000523	        110.53270000001852	         135.2853000000203	        145.96010000001058	        106.34730000001632	         71.98980000000151	        19.758200000000144	
                       0.0	        21.985800000000495	        30.499100000001782	         37.55900000000098	         36.50750000000118	        30.612500000001802	         19.85030000000016	                       0.0	



