         +==============================================+
         |   BOARD RATING DATA for our reversi player   |
         +==============================================+

    reversiPlayers.AB_prettyGood vs reversiPlayers.RandomPlayer

+================================================================+
+================================================================+
last saved at: 13.12.2019, 00:38:871
+================================================================+
+================================================================+

-- numberOfGames: 25433

FIELD 
                       0.0	        1.4427999999998575	        1.8722999999998102	         2.116000000000041	          2.13920000000009	        1.9141999999998056	        1.4630999999998553	                       0.0	
        1.4219999999998598	         4.972000000001751	         6.084299999999159	         6.286999999998686	        6.2928999999986726	         6.093699999999137	         4.945900000001812	        1.4177999999998603	
         1.856299999999812	         5.951599999999468	          8.67569999999312	          9.69669999999074	         9.604599999990954	         8.678299999993113	         5.966899999999432	        1.8671999999998108	
        2.0461999999998937	         6.159699999998983	         9.188599999991924	        14.558699999979408	        14.547499999979435	         9.202599999991891	        6.1688999999989615	        2.0517999999999055	
          2.07279999999995	         6.370799999998491	         9.917799999990224	        14.454399999979652	         14.37769999997983	         9.929999999990196	         6.328799999998589	        2.0639999999999312	
        1.8849999999998088	         6.181999999998931	         9.052199999992242	        10.001699999990029	         9.966499999990111	         9.027699999992299	         6.194699999998901	        1.8538999999998123	
         1.456099999999856	         5.094300000001466	        6.2426999999987896	        6.4752999999982475	          6.47009999999826	         6.267299999998732	         5.069800000001523	        1.4581999999998558	
                       0.0	        1.4357999999998583	         1.829099999999815	        2.0389999999998785	        2.0374999999998753	        1.8424999999998135	        1.4502999999998567	                       0.0	



