         +==============================================+
         |   BOARD RATING DATA for our reversi player   |
         +==============================================+

    reversiPlayers.RandomPlayer vs reversiPlayers.RandomPlayer

+================================================================+
+================================================================+
last saved at: 12.12.2019, 10:28:601
+================================================================+
+================================================================+

-- numberOfGames: 22611613

FIELD 
        1595.2379996711986	         4014.531403535281	        4277.4186040670265	        4425.6366043668295	         4425.525004366604	         4278.284604068778	        4018.8205035439564	         3194.203901875991	
        4005.5370035170877	         6629.711408825047	        7141.3705098599885	         7308.006810197046	         7308.165710197368	          7140.67910985859	         6630.116108825866	         4005.474303516961	
         4272.676904057435	         7076.075609727915	         9042.586305969571	         9540.735502446545	         9540.624202447332	         9043.319805964384	         7075.653009727061	         4272.728004057539	
         4410.496504336205	         7233.804810046957	          9264.31430440146	         10345.29139675654	        10345.872396752431	         9264.186204402366	         7233.348710046034	         4410.184304335574	
        4416.5676043484855	         7290.756410162154	         9640.278501742554	         10166.41279802161	        10167.113198016657	         9641.204901736002	        7291.1854101630215	          4416.56990434849	
         4277.175304066534	         7154.774609887101	         8626.162808914614	         9079.088705711418	         9079.071105711542	         8627.218508907148	         7154.628009886805	         4277.033404066247	
        4029.3382035652307	         6670.979408908521	         7238.676510056811	         7387.510210357859	         7387.037310356903	        7238.6565100567705	        6671.2304089090285	        4029.9204035664084	
        3194.7068018770083	         4024.436503555316	        4274.7415040616115	         4412.655704340573	         4412.971404341211	         4274.577204061279	         4024.096803554629	        3194.6807018769555	



