         +==============================================+
         |   BOARD RATING DATA for our reversi player   |
         +==============================================+

    reversiPlayers.RandomPlayer vs reversiPlayers.RandomPlayer

+================================================================+
+================================================================+
last saved at: 11.12.2019, 00:30:469
+================================================================+
+================================================================+

-- numberOfGames: 112894

FIELD 
                     95374	                    239971	                    255506	                    264724	                    264544	                    255824	                    240357	                    191015	
                    239346	                    396588	                    426741	                    436658	                    437371	                    426723	                    396865	                    239681	
                    255063	                    422877	                    540958	                    571211	                    570130	                    540625	                    423482	                    255492	
                    263540	                    432262	                    553558	                    618554	                    618194	                    553495	                    432696	                    263852	
                    263828	                    435902	                    576332	                    607144	                    608718	                    576171	                    435895	                    264406	
                    255580	                    427844	                    515933	                    543393	                    543416	                    515642	                    427798	                    256000	
                    240909	                    398777	                    433333	                    441976	                    441664	                    432629	                    398755	                    240753	
                    191000	                    240605	                    255496	                    263981	                    264242	                    255776	                    240911	                    191000	



