         +==============================================+
         |   BOARD RATING DATA for our reversi player   |
         +==============================================+

    reversiPlayers.AB_prettyGood vs reversiPlayers.AB_prettyGood

+================================================================+
+================================================================+
last saved at: 13.12.2019, 09:20:583
+================================================================+
+================================================================+

-- numberOfGames: 26111

FIELD 
                       0.0	        1.4616999999998577	         5.861299999999728	         6.124199999999952	         5.128100000000024	        1.9532999999998057	         5.412099999999783	                       0.0	
          4.40139999999981	        15.877700000001528	        13.089199999999021	          30.1426000000007	         27.15790000000022	        16.048799999998945	        10.912400000001693	        4.4273999999998095	
        1.8851999999998121	        18.877499999999714	         50.36059999999182	         41.51929999999123	         65.20729999998758	         42.46409999999339	         23.82330000000045	        11.816499999999602	
         9.025399999999744	         20.05419999999942	        50.941699999990526	         49.32659999997846	         73.18779999998026	         43.99589999999188	        30.964300000001103	         5.050399999999839	
         2.101699999999947	        20.315299999998974	        51.630199999988704	         86.97589999998753	         83.83999999998609	         44.66469999999006	        20.265399999999058	         5.082799999999865	
         8.834299999999663	        13.147099999998794	         46.79529999999167	        40.801299999990675	         44.79199999998995	        29.904499999994332	        20.121699999999343	        11.773199999999605	
        1.4653999999998562	         8.131600000001407	        23.138199999999706	        13.458199999998115	        27.364999999999846	         20.21449999999919	        12.048000000001378	         4.447699999999805	
                       0.0	         5.414499999999786	        1.8373999999998152	         9.007399999999727	        15.906099999999578	          8.77079999999967	        1.4690999999998569	                       0.0	



