         +==============================================+
         |   BOARD RATING DATA for our reversi player   |
         +==============================================+

    reversiPlayers.DutyCalls vs reversiPlayers.DutyCalls

+================================================================+
+================================================================+
last saved at: 13.12.2019, 00:33:175
+================================================================+
+================================================================+

-- numberOfGames: 25411

FIELD 
                       0.0	        1.4415999999998577	        1.8711999999998103	        2.1139000000000365	        2.1375000000000863	        1.9132999999998057	        1.4620999999998554	                       0.0	
          1.42089999999986	        4.9675000000017615	         6.078699999999172	           6.2810999999987	        6.2868999999986865	          6.08809999999915	         4.941600000001822	        1.4169999999998604	
         1.855299999999812	          5.94629999999948	         8.668399999993136	         9.687399999990761	         9.594199999990979	         8.671699999993129	         5.962299999999443	         1.865699999999811	
         2.044899999999891	         6.153699999998997	         9.179399999991945	        14.544699999979441	        14.534399999979465	          9.19419999999191	         6.163399999998974	         2.050099999999902	
        2.0717999999999477	         6.364699999998505	         9.907599999990248	        14.441099999979683	        14.366399999979857	         9.922799999990213	         6.324299999998599	        2.0622999999999276	
         1.883899999999809	         6.176799999998943	         9.042999999992263	         9.989299999990058	         9.959799999990127	          9.02289999999231	          6.19099999999891	        1.8523999999998124	
        1.4552999999998562	         5.091200000001473	         6.237099999998803	         6.468099999998264	         6.463999999998274	          6.26379999999874	        5.0675000000015284	         1.457299999999856	
                       0.0	        1.4344999999998584	        1.8273999999998152	         2.036799999999874	        2.0351999999998704	        1.8403999999998137	        1.4490999999998568	                       0.0	



