         +==============================================+
         |   BOARD RATING DATA for our reversi player   |
         +==============================================+

    reversiPlayers.RandomPlayer vs reversiPlayers.AB_prettyGood

+================================================================+
+================================================================+
last saved at: 17.12.2019, 15:21:761
+================================================================+
+================================================================+

-- numberOfGames: 41679

FIELD 
                       0.0	         62.59159999999598	         79.40110000000352	         91.39390000000989	         90.65750000000956	         77.96320000000279	         62.50209999999599	                       0.0	
        63.650899999995765	         257.7172999999124	         350.0084999998259	         401.5706999997786	         403.1664999997771	         359.1578999998176	        256.76159999991336	          66.7568999999971	
         79.38520000000352	         326.7060999998474	        467.21799999971336	         615.4871999995762	         639.2936999995547	        463.16139999971705	          329.332199999845	         83.56570000000566	
         88.46490000000824	         358.3333999998182	         544.8188999996416	         897.6439999993083	         925.6536999992829	         546.6536999996399	         369.0430999998084	         97.01000000001262	
         88.69170000000842	         368.2741999998087	         632.2172999995605	         920.7807999992875	          955.695799999256	         638.8125999995544	        387.98429999979084	         96.42230000001236	
         77.10390000000235	         350.0965999998256	        468.51249999971134	         560.8886999996251	          568.719499999618	         456.1328999997226	         353.8407999998222	         83.00240000000537	
          59.4452999999966	        253.41109999991605	         330.7066999998431	        384.31759999979386	         390.0934999997886	         326.0634999998473	        251.15729999991817	        61.377199999996215	
                       0.0	         69.10449999999831	          90.8773000000094	        108.77680000001862	        107.55520000001799	         90.02040000000896	         66.40909999999693	                       0.0	



