         +==============================================+
         |   BOARD RATING DATA for our reversi player   |
         +==============================================+

    reversiPlayers.AB_prettyGood vs reversiPlayers.RandomPlayer

+================================================================+
+================================================================+
last saved at: 17.12.2019, 15:20:340
+================================================================+
+================================================================+

-- numberOfGames: 42609

FIELD 
                       0.0	         72.57280000000009	         86.50230000000717	        101.47600000001505	         99.73920000001421	          83.8542000000058	         65.01309999999621	                       0.0	
         61.42199999999621	         268.3419999999028	        349.01429999982685	        387.69699999979116	        389.25289999978975	         335.8636999998388	         260.1558999999103	         64.06779999999573	
         85.43630000000661	        362.71159999981467	         544.5056999996431	         625.1666999995673	         618.4145999995737	        497.32829999968595	        347.76689999982824	         90.66720000000929	
         96.16620000001218	        378.54969999979977	         562.7685999996253	         995.2086999992196	         979.6074999992338	         543.7925999996424	        366.48889999981077	        101.42180000001488	
         97.61280000001298	         381.5707999997966	         612.0477999995787	         930.3343999992788	         953.7876999992577	         584.0199999996042	         377.6187999998003	        106.24400000001738	
         82.61500000000517	         347.7019999998278	         501.7421999996811	         719.1216999994812	         766.2864999994384	         503.1676999996798	        348.58469999982697	         88.54390000000821	
         69.14609999999833	          284.274299999888	        396.93269999978287	          507.265299999682	         537.6600999996543	         393.3272999997861	        277.24979999989444	         73.49820000000055	
                       0.0	         75.29580000000148	        106.64910000001747	        132.83900000002407	        130.94750000002577	        106.68250000001748	         71.14029999999934	                       0.0	



